計測日,計測時間,全体,空調,照明,動力,電灯,冷凍・冷熱,その他
2012/09/01,01,132,1,,,,,
2012/09/01,02,131,1,,,,,
2012/09/01,03,126,2,,,,,
2012/09/01,04,120,1,,,,,
2012/09/01,05,118,1,,,,,
2012/09/01,06,117,1,,,,,
2012/09/01,07,161,3,,,,,
2012/09/01,08,179,8,,,,,
2012/09/01,09,173,10,,,,,
2012/09/01,10,179,10,,,,,
2012/09/01,11,176,10,,,,,
2012/09/01,12,173,9,,,,,
2012/09/01,13,178,12,,,,,
2012/09/01,14,174,10,,,,,
2012/09/01,15,175,11,,,,,
2012/09/01,16,169,12,,,,,
2012/09/01,17,171,10,,,,,
2012/09/01,18,173,9,,,,,
2012/09/01,19,167,8,,,,,
2012/09/01,20,157,7,,,,,
2012/09/01,21,164,6,,,,,
2012/09/01,22,148,4,,,,,
2012/09/01,23,132,1,,,,,
2012/09/01,24,128,1,,,,,
2012/09/02,01,129,1,,,,,
2012/09/02,02,124,1,,,,,
2012/09/02,03,120,2,,,,,
2012/09/02,04,113,1,,,,,
2012/09/02,05,111,1,,,,,
2012/09/02,06,110,1,,,,,
2012/09/02,07,150,2,,,,,
2012/09/02,08,169,8,,,,,
2012/09/02,09,168,7,,,,,
2012/09/02,10,166,8,,,,,
2012/09/02,11,166,8,,,,,
2012/09/02,12,169,8,,,,,
2012/09/02,13,162,9,,,,,
2012/09/02,14,167,10,,,,,
2012/09/02,15,166,8,,,,,
2012/09/02,16,163,8,,,,,
2012/09/02,17,164,8,,,,,
2012/09/02,18,169,9,,,,,
2012/09/02,19,165,7,,,,,
2012/09/02,20,161,6,,,,,
2012/09/02,21,165,6,,,,,
2012/09/02,22,153,5,,,,,
2012/09/02,23,142,4,,,,,
2012/09/02,24,132,1,,,,,
2012/09/03,01,128,1,,,,,
2012/09/03,02,125,1,,,,,
2012/09/03,03,120,1,,,,,
2012/09/03,04,115,1,,,,,
2012/09/03,05,113,1,,,,,
2012/09/03,06,112,2,,,,,
2012/09/03,07,152,2,,,,,
2012/09/03,08,174,8,,,,,
2012/09/03,09,168,8,,,,,
2012/09/03,10,173,9,,,,,
2012/09/03,11,164,8,,,,,
2012/09/03,12,160,7,,,,,
2012/09/03,13,165,11,,,,,
2012/09/03,14,166,9,,,,,
2012/09/03,15,170,8,,,,,
2012/09/03,16,160,8,,,,,
2012/09/03,17,166,9,,,,,
2012/09/03,18,168,8,,,,,
2012/09/03,19,165,8,,,,,
2012/09/03,20,163,8,,,,,
2012/09/03,21,165,7,,,,,
2012/09/03,22,146,5,,,,,
2012/09/03,23,134,2,,,,,
2012/09/03,24,128,1,,,,,
2012/09/04,01,127,1,,,,,
2012/09/04,02,123,1,,,,,
2012/09/04,03,117,1,,,,,
2012/09/04,04,109,1,,,,,
2012/09/04,05,108,1,,,,,
2012/09/04,06,109,1,,,,,
2012/09/04,07,146,2,,,,,
2012/09/04,08,173,8,,,,,
2012/09/04,09,168,8,,,,,
2012/09/04,10,168,8,,,,,
2012/09/04,11,157,8,,,,,
2012/09/04,12,160,7,,,,,
2012/09/04,13,160,9,,,,,
2012/09/04,14,163,7,,,,,
2012/09/04,15,165,9,,,,,
2012/09/04,16,162,8,,,,,
2012/09/04,17,170,9,,,,,
2012/09/04,18,164,8,,,,,
2012/09/04,19,162,6,,,,,
2012/09/04,20,160,6,,,,,
2012/09/04,21,165,6,,,,,
2012/09/04,22,152,5,,,,,
2012/09/04,23,137,2,,,,,
2012/09/04,24,130,1,,,,,
2012/09/05,01,128,1,,,,,
2012/09/05,02,123,1,,,,,
2012/09/05,03,120,2,,,,,
2012/09/05,04,116,1,,,,,
2012/09/05,05,111,2,,,,,
2012/09/05,06,107,1,,,,,
2012/09/05,07,153,3,,,,,
2012/09/05,08,159,8,,,,,
2012/09/05,09,161,8,,,,,
2012/09/05,10,163,8,,,,,
2012/09/05,11,160,8,,,,,
2012/09/05,12,152,7,,,,,
2012/09/05,13,160,8,,,,,
2012/09/05,14,159,6,,,,,
2012/09/05,15,159,8,,,,,
2012/09/05,16,152,7,,,,,
2012/09/05,17,153,7,,,,,
2012/09/05,18,157,6,,,,,
2012/09/05,19,154,6,,,,,
2012/09/05,20,153,5,,,,,
2012/09/05,21,156,5,,,,,
2012/09/05,22,141,5,,,,,
2012/09/05,23,134,4,,,,,
2012/09/05,24,129,4,,,,,
2012/09/06,01,128,4,,,,,
2012/09/06,02,124,4,,,,,
2012/09/06,03,117,4,,,,,
2012/09/06,04,103,4,,,,,
2012/09/06,05,108,3,,,,,
2012/09/06,06,103,3,,,,,
2012/09/06,07,149,3,,,,,
2012/09/06,08,152,5,,,,,
2012/09/06,09,160,7,,,,,
2012/09/06,10,157,7,,,,,
2012/09/06,11,155,6,,,,,
2012/09/06,12,156,7,,,,,
2012/09/06,13,155,7,,,,,
2012/09/06,14,161,7,,,,,
2012/09/06,15,162,6,,,,,
2012/09/06,16,156,6,,,,,
2012/09/06,17,161,7,,,,,
2012/09/06,18,157,5,,,,,
2012/09/06,19,156,6,,,,,
2012/09/06,20,147,5,,,,,
2012/09/06,21,152,4,,,,,
2012/09/06,22,133,4,,,,,
2012/09/06,23,124,1,,,,,
2012/09/06,24,122,1,,,,,
2012/09/07,01,121,1,,,,,
2012/09/07,02,117,1,,,,,
2012/09/07,03,113,1,,,,,
2012/09/07,04,103,1,,,,,
2012/09/07,05,105,1,,,,,
2012/09/07,06,105,1,,,,,
2012/09/07,07,143,2,,,,,
2012/09/07,08,149,5,,,,,
2012/09/07,09,157,4,,,,,
2012/09/07,10,152,4,,,,,
2012/09/07,11,147,3,,,,,
2012/09/07,12,150,6,,,,,
2012/09/07,13,150,6,,,,,
2012/09/07,14,156,7,,,,,
2012/09/07,15,156,6,,,,,
2012/09/07,16,151,7,,,,,
2012/09/07,17,154,7,,,,,
2012/09/07,18,156,5,,,,,
2012/09/07,19,159,6,,,,,
2012/09/07,20,147,4,,,,,
2012/09/07,21,153,3,,,,,
2012/09/07,22,136,1,,,,,
2012/09/07,23,126,1,,,,,
2012/09/07,24,123,1,,,,,
2012/09/08,01,122,1,,,,,
2012/09/08,02,120,1,,,,,
2012/09/08,03,117,1,,,,,
2012/09/08,04,99,2,,,,,
2012/09/08,05,105,1,,,,,
2012/09/08,06,99,1,,,,,
2012/09/08,07,143,2,,,,,
2012/09/08,08,150,5,,,,,
2012/09/08,09,158,6,,,,,
2012/09/08,10,156,4,,,,,
2012/09/08,11,156,6,,,,,
2012/09/08,12,151,6,,,,,
2012/09/08,13,155,6,,,,,
2012/09/08,14,159,7,,,,,
2012/09/08,15,156,7,,,,,
2012/09/08,16,146,6,,,,,
2012/09/08,17,150,6,,,,,
2012/09/08,18,145,5,,,,,
2012/09/08,19,148,4,,,,,
2012/09/08,20,139,3,,,,,
2012/09/08,21,145,2,,,,,
2012/09/08,22,128,2,,,,,
2012/09/08,23,120,2,,,,,
2012/09/08,24,116,1,,,,,
2012/09/09,01,119,1,,,,,
2012/09/09,02,117,1,,,,,
2012/09/09,03,110,1,,,,,
2012/09/09,04,99,1,,,,,
2012/09/09,05,93,1,,,,,
2012/09/09,06,94,1,,,,,
2012/09/09,07,139,2,,,,,
2012/09/09,08,137,3,,,,,
2012/09/09,09,155,4,,,,,
2012/09/09,10,150,3,,,,,
2012/09/09,11,142,3,,,,,
2012/09/09,12,140,3,,,,,
2012/09/09,13,142,3,,,,,
2012/09/09,14,150,4,,,,,
2012/09/09,15,150,5,,,,,
2012/09/09,16,146,5,,,,,
2012/09/09,17,147,5,,,,,
2012/09/09,18,147,5,,,,,
2012/09/09,19,148,5,,,,,
2012/09/09,20,143,4,,,,,
2012/09/09,21,149,4,,,,,
2012/09/09,22,135,3,,,,,
2012/09/09,23,124,1,,,,,
2012/09/09,24,117,1,,,,,
2012/09/10,01,119,1,,,,,
2012/09/10,02,114,1,,,,,
2012/09/10,03,109,1,,,,,
2012/09/10,04,100,1,,,,,
2012/09/10,05,103,1,,,,,
2012/09/10,06,104,1,,,,,
2012/09/10,07,137,2,,,,,
2012/09/10,08,137,3,,,,,
2012/09/10,09,154,4,,,,,
2012/09/10,10,150,3,,,,,
2012/09/10,11,139,3,,,,,
2012/09/10,12,140,3,,,,,
2012/09/10,13,142,3,,,,,
2012/09/10,14,149,3,,,,,
2012/09/10,15,149,4,,,,,
2012/09/10,16,142,4,,,,,
2012/09/10,17,144,4,,,,,
2012/09/10,18,146,4,,,,,
2012/09/10,19,147,5,,,,,
2012/09/10,20,142,3,,,,,
2012/09/10,21,145,3,,,,,
2012/09/10,22,133,2,,,,,
2012/09/10,23,122,1,,,,,
2012/09/10,24,119,1,,,,,
2012/09/11,01,118,1,,,,,
2012/09/11,02,116,1,,,,,
2012/09/11,03,110,1,,,,,
2012/09/11,04,100,1,,,,,
2012/09/11,05,101,1,,,,,
2012/09/11,06,103,1,,,,,
2012/09/11,07,141,2,,,,,
2012/09/11,08,144,5,,,,,
2012/09/11,09,156,4,,,,,
2012/09/11,10,154,5,,,,,
2012/09/11,11,148,3,,,,,
2012/09/11,12,144,4,,,,,
2012/09/11,13,149,4,,,,,
2012/09/11,14,151,5,,,,,
2012/09/11,15,150,4,,,,,
2012/09/11,16,148,5,,,,,
2012/09/11,17,147,3,,,,,
2012/09/11,18,149,4,,,,,
2012/09/11,19,151,3,,,,,
2012/09/11,20,144,3,,,,,
2012/09/11,21,152,3,,,,,
2012/09/11,22,136,2,,,,,
2012/09/11,23,126,2,,,,,
2012/09/11,24,122,1,,,,,
2012/09/12,01,122,1,,,,,
2012/09/12,02,118,1,,,,,
2012/09/12,03,111,1,,,,,
2012/09/12,04,100,1,,,,,
2012/09/12,05,102,1,,,,,
2012/09/12,06,103,1,,,,,
2012/09/12,07,146,2,,,,,
2012/09/12,08,139,4,,,,,
2012/09/12,09,156,3,,,,,
2012/09/12,10,157,4,,,,,
2012/09/12,11,149,4,,,,,
2012/09/12,12,150,5,,,,,
2012/09/12,13,154,7,,,,,
2012/09/12,14,157,6,,,,,
2012/09/12,15,161,6,,,,,
2012/09/12,16,150,7,,,,,
2012/09/12,17,154,6,,,,,
2012/09/12,18,158,6,,,,,
2012/09/12,19,155,4,,,,,
2012/09/12,20,151,4,,,,,
2012/09/12,21,154,4,,,,,
2012/09/12,22,136,4,,,,,
2012/09/12,23,133,4,,,,,
2012/09/12,24,129,4,,,,,
2012/09/13,01,129,3,,,,,
2012/09/13,02,124,3,,,,,
2012/09/13,03,117,2,,,,,
2012/09/13,04,106,1,,,,,
2012/09/13,05,104,1,,,,,
2012/09/13,06,101,1,,,,,
2012/09/13,07,148,2,,,,,
2012/09/13,08,149,5,,,,,
2012/09/13,09,160,5,,,,,
2012/09/13,10,159,4,,,,,
2012/09/13,11,152,5,,,,,
2012/09/13,12,156,6,,,,,
2012/09/13,13,156,6,,,,,
2012/09/13,14,158,6,,,,,
2012/09/13,15,162,6,,,,,
2012/09/13,16,159,6,,,,,
2012/09/13,17,159,6,,,,,
2012/09/13,18,162,5,,,,,
2012/09/13,19,157,6,,,,,
2012/09/13,20,152,6,,,,,
2012/09/13,21,152,4,,,,,
2012/09/13,22,141,3,,,,,
2012/09/13,23,131,1,,,,,
2012/09/13,24,129,1,,,,,
2012/09/14,01,128,1,,,,,
2012/09/14,02,123,1,,,,,
2012/09/14,03,117,1,,,,,
2012/09/14,04,109,1,,,,,
2012/09/14,05,106,1,,,,,
2012/09/14,06,101,1,,,,,
2012/09/14,07,150,2,,,,,
2012/09/14,08,153,6,,,,,
2012/09/14,09,163,6,,,,,
2012/09/14,10,160,6,,,,,
2012/09/14,11,163,6,,,,,
2012/09/14,12,159,6,,,,,
2012/09/14,13,163,7,,,,,
2012/09/14,14,164,8,,,,,
2012/09/14,15,166,8,,,,,
2012/09/14,16,157,7,,,,,
2012/09/14,17,159,7,,,,,
2012/09/14,18,164,6,,,,,
2012/09/14,19,161,7,,,,,
2012/09/14,20,155,5,,,,,
2012/09/14,21,160,5,,,,,
2012/09/14,22,149,4,,,,,
2012/09/14,23,135,1,,,,,
2012/09/14,24,132,1,,,,,
2012/09/15,01,129,1,,,,,
2012/09/15,02,126,1,,,,,
2012/09/15,03,116,1,,,,,
2012/09/15,04,109,1,,,,,
2012/09/15,05,105,1,,,,,
2012/09/15,06,100,1,,,,,
2012/09/15,07,147,2,,,,,
2012/09/15,08,154,6,,,,,
2012/09/15,09,159,5,,,,,
2012/09/15,10,150,4,,,,,
2012/09/15,11,148,4,,,,,
2012/09/15,12,147,4,,,,,
2012/09/15,13,147,4,,,,,
2012/09/15,14,157,6,,,,,
2012/09/15,15,161,7,,,,,
2012/09/15,16,158,8,,,,,
2012/09/15,17,158,6,,,,,
2012/09/15,18,161,6,,,,,
2012/09/15,19,156,6,,,,,
2012/09/15,20,150,5,,,,,
2012/09/15,21,159,5,,,,,
2012/09/15,22,149,5,,,,,
2012/09/15,23,134,1,,,,,
2012/09/15,24,128,1,,,,,
2012/09/16,01,128,1,,,,,
2012/09/16,02,123,1,,,,,
2012/09/16,03,140,1,,,,,
2012/09/16,04,133,1,,,,,
2012/09/16,05,131,1,,,,,
2012/09/16,06,125,1,,,,,
2012/09/16,07,155,3,,,,,
2012/09/16,08,164,4,,,,,
2012/09/16,09,164,5,,,,,
2012/09/16,10,159,6,,,,,
2012/09/16,11,151,5,,,,,
2012/09/16,12,147,5,,,,,
2012/09/16,13,144,4,,,,,
2012/09/16,14,150,3,,,,,
2012/09/16,15,153,3,,,,,
2012/09/16,16,149,4,,,,,
2012/09/16,17,150,4,,,,,
2012/09/16,18,149,6,,,,,
2012/09/16,19,149,3,,,,,
2012/09/16,20,138,2,,,,,
2012/09/16,21,145,2,,,,,
2012/09/16,22,128,1,,,,,
2012/09/16,23,119,1,,,,,
2012/09/16,24,116,1,,,,,
2012/09/17,01,118,1,,,,,
2012/09/17,02,113,1,,,,,
2012/09/17,03,107,1,,,,,
2012/09/17,04,96,1,,,,,
2012/09/17,05,98,1,,,,,
2012/09/17,06,100,1,,,,,
2012/09/17,07,133,1,,,,,
2012/09/17,08,132,3,,,,,
2012/09/17,09,154,4,,,,,
2012/09/17,10,145,4,,,,,
2012/09/17,11,144,3,,,,,
2012/09/17,12,138,2,,,,,
2012/09/17,13,142,2,,,,,
2012/09/17,14,146,4,,,,,
2012/09/17,15,152,4,,,,,
2012/09/17,16,144,4,,,,,
2012/09/17,17,150,4,,,,,
2012/09/17,18,148,5,,,,,
2012/09/17,19,144,4,,,,,
2012/09/17,20,135,3,,,,,
2012/09/17,21,142,2,,,,,
2012/09/17,22,124,1,,,,,
2012/09/17,23,119,1,,,,,
2012/09/17,24,115,1,,,,,
2012/09/18,01,117,1,,,,,
2012/09/18,02,111,1,,,,,
2012/09/18,03,110,1,,,,,
2012/09/18,04,97,1,,,,,
2012/09/18,05,100,1,,,,,
2012/09/18,06,100,1,,,,,
2012/09/18,07,132,2,,,,,
2012/09/18,08,136,3,,,,,
2012/09/18,09,158,4,,,,,
2012/09/18,10,157,3,,,,,
2012/09/18,11,157,4,,,,,
2012/09/18,12,150,3,,,,,
2012/09/18,13,155,4,,,,,
2012/09/18,14,159,5,,,,,
2012/09/18,15,155,5,,,,,
2012/09/18,16,152,5,,,,,
2012/09/18,17,155,5,,,,,
2012/09/18,18,152,5,,,,,
2012/09/18,19,149,4,,,,,
2012/09/18,20,146,3,,,,,
2012/09/18,21,147,2,,,,,
2012/09/18,22,133,1,,,,,
2012/09/18,23,123,1,,,,,
2012/09/18,24,117,1,,,,,
2012/09/19,01,119,1,,,,,
2012/09/19,02,114,1,,,,,
2012/09/19,03,109,1,,,,,
2012/09/19,04,96,1,,,,,
2012/09/19,05,100,1,,,,,
2012/09/19,06,102,1,,,,,
2012/09/19,07,134,2,,,,,
2012/09/19,08,135,2,,,,,
2012/09/19,09,150,3,,,,,
2012/09/19,10,147,3,,,,,
2012/09/19,11,149,3,,,,,
2012/09/19,12,142,3,,,,,
2012/09/19,13,146,5,,,,,
2012/09/19,14,146,4,,,,,
2012/09/19,15,147,5,,,,,
2012/09/19,16,151,6,,,,,
2012/09/19,17,151,5,,,,,
2012/09/19,18,151,5,,,,,
2012/09/19,19,149,5,,,,,
2012/09/19,20,136,3,,,,,
2012/09/19,21,148,2,,,,,
2012/09/19,22,133,2,,,,,
2012/09/19,23,124,2,,,,,
2012/09/19,24,116,1,,,,,
2012/09/20,01,117,1,,,,,
2012/09/20,02,112,1,,,,,
2012/09/20,03,109,1,,,,,
2012/09/20,04,94,1,,,,,
2012/09/20,05,99,1,,,,,
2012/09/20,06,99,1,,,,,
2012/09/20,07,132,1,,,,,
2012/09/20,08,135,3,,,,,
2012/09/20,09,157,4,,,,,
2012/09/20,10,151,3,,,,,
2012/09/20,11,150,5,,,,,
2012/09/20,12,146,4,,,,,
2012/09/20,13,149,5,,,,,
2012/09/20,14,151,6,,,,,
2012/09/20,15,155,5,,,,,
2012/09/20,16,152,5,,,,,
2012/09/20,17,148,6,,,,,
2012/09/20,18,150,5,,,,,
2012/09/20,19,152,5,,,,,
2012/09/20,20,143,4,,,,,
2012/09/20,21,155,4,,,,,
2012/09/20,22,139,4,,,,,
2012/09/20,23,128,2,,,,,
2012/09/20,24,119,1,,,,,
2012/09/21,01,121,1,,,,,
2012/09/21,02,115,1,,,,,
2012/09/21,03,106,1,,,,,
2012/09/21,04,103,1,,,,,
2012/09/21,05,107,1,,,,,
2012/09/21,06,102,1,,,,,
2012/09/21,07,138,2,,,,,
2012/09/21,08,137,4,,,,,
2012/09/21,09,156,4,,,,,
2012/09/21,10,152,3,,,,,
2012/09/21,11,150,3,,,,,
2012/09/21,12,146,5,,,,,
2012/09/21,13,154,5,,,,,
2012/09/21,14,159,5,,,,,
2012/09/21,15,159,5,,,,,
2012/09/21,16,149,5,,,,,
2012/09/21,17,153,5,,,,,
2012/09/21,18,155,5,,,,,
2012/09/21,19,151,5,,,,,
2012/09/21,20,142,5,,,,,
2012/09/21,21,153,4,,,,,
2012/09/21,22,141,4,,,,,
2012/09/21,23,132,1,,,,,
2012/09/21,24,127,1,,,,,
2012/09/22,01,123,1,,,,,
2012/09/22,02,116,1,,,,,
2012/09/22,03,119,1,,,,,
2012/09/22,04,109,1,,,,,
2012/09/22,05,112,1,,,,,
2012/09/22,06,110,1,,,,,
2012/09/22,07,143,2,,,,,
2012/09/22,08,142,4,,,,,
2012/09/22,09,160,4,,,,,
2012/09/22,10,152,3,,,,,
2012/09/22,11,149,5,,,,,
2012/09/22,12,151,5,,,,,
2012/09/22,13,150,6,,,,,
2012/09/22,14,151,5,,,,,
2012/09/22,15,156,5,,,,,
2012/09/22,16,149,5,,,,,
2012/09/22,17,150,6,,,,,
2012/09/22,18,152,6,,,,,
2012/09/22,19,147,4,,,,,
2012/09/22,20,140,4,,,,,
2012/09/22,21,154,4,,,,,
2012/09/22,22,139,4,,,,,
2012/09/22,23,129,3,,,,,
2012/09/22,24,120,1,,,,,
2012/09/23,01,122,1,,,,,
2012/09/23,02,118,1,,,,,
2012/09/23,03,111,1,,,,,
2012/09/23,04,102,1,,,,,
2012/09/23,05,103,1,,,,,
2012/09/23,06,102,1,,,,,
2012/09/23,07,145,2,,,,,
2012/09/23,08,135,3,,,,,
2012/09/23,09,156,4,,,,,
2012/09/23,10,149,4,,,,,
2012/09/23,11,145,4,,,,,
2012/09/23,12,137,3,,,,,
2012/09/23,13,143,3,,,,,
2012/09/23,14,141,3,,,,,
2012/09/23,15,148,3,,,,,
2012/09/23,16,140,3,,,,,
2012/09/23,17,140,3,,,,,
2012/09/23,18,140,4,,,,,
2012/09/23,19,140,3,,,,,
2012/09/23,20,130,2,,,,,
2012/09/23,21,143,1,,,,,
2012/09/23,22,127,1,,,,,
2012/09/23,23,116,1,,,,,
2012/09/23,24,113,1,,,,,
2012/09/24,01,115,1,,,,,
2012/09/24,02,111,1,,,,,
2012/09/24,03,107,1,,,,,
2012/09/24,04,93,1,,,,,
2012/09/24,05,98,1,,,,,
2012/09/24,06,97,1,,,,,
2012/09/24,07,126,1,,,,,
2012/09/24,08,133,3,,,,,
2012/09/24,09,155,4,,,,,
2012/09/24,10,152,4,,,,,
2012/09/24,11,142,3,,,,,
2012/09/24,12,137,3,,,,,
2012/09/24,13,144,4,,,,,
2012/09/24,14,145,2,,,,,
2012/09/24,15,153,3,,,,,
2012/09/24,16,145,5,,,,,
2012/09/24,17,150,4,,,,,
2012/09/24,18,149,5,,,,,
2012/09/24,19,150,5,,,,,
2012/09/24,20,138,3,,,,,
2012/09/24,21,145,3,,,,,
2012/09/24,22,130,2,,,,,
2012/09/24,23,126,1,,,,,
2012/09/24,24,120,1,,,,,
2012/09/25,01,121,1,,,,,
2012/09/25,02,115,1,,,,,
2012/09/25,03,111,1,,,,,
2012/09/25,04,97,1,,,,,
2012/09/25,05,101,1,,,,,
2012/09/25,06,102,1,,,,,
2012/09/25,07,135,2,,,,,
2012/09/25,08,145,5,,,,,
2012/09/25,09,158,4,,,,,
2012/09/25,10,152,4,,,,,
2012/09/25,11,150,3,,,,,
2012/09/25,12,152,3,,,,,
2012/09/25,13,148,3,,,,,
2012/09/25,14,152,3,,,,,
2012/09/25,15,154,3,,,,,
2012/09/25,16,156,3,,,,,
2012/09/25,17,154,3,,,,,
2012/09/25,18,155,4,,,,,
2012/09/25,19,147,2,,,,,
2012/09/25,20,143,2,,,,,
2012/09/25,21,153,2,,,,,
2012/09/25,22,138,2,,,,,
2012/09/25,23,124,1,,,,,
2012/09/25,24,120,1,,,,,
2012/09/26,01,122,1,,,,,
2012/09/26,02,117,1,,,,,
2012/09/26,03,111,1,,,,,
2012/09/26,04,100,1,,,,,
2012/09/26,05,102,1,,,,,
2012/09/26,06,102,1,,,,,
2012/09/26,07,135,2,,,,,
2012/09/26,08,139,3,,,,,
2012/09/26,09,156,4,,,,,
2012/09/26,10,150,3,,,,,
2012/09/26,11,144,3,,,,,
2012/09/26,12,144,3,,,,,
2012/09/26,13,142,2,,,,,
2012/09/26,14,140,2,,,,,
2012/09/26,15,144,2,,,,,
2012/09/26,16,139,3,,,,,
2012/09/26,17,143,3,,,,,
2012/09/26,18,140,3,,,,,
2012/09/26,19,139,2,,,,,
2012/09/26,20,129,1,,,,,
2012/09/26,21,143,1,,,,,
2012/09/26,22,128,1,,,,,
2012/09/26,23,119,1,,,,,
2012/09/26,24,112,1,,,,,
2012/09/27,01,114,1,,,,,
2012/09/27,02,111,1,,,,,
2012/09/27,03,106,1,,,,,
2012/09/27,04,93,1,,,,,
2012/09/27,05,97,1,,,,,
2012/09/27,06,97,1,,,,,
2012/09/27,07,123,1,,,,,
2012/09/27,08,126,3,,,,,
2012/09/27,09,153,3,,,,,
2012/09/27,10,147,3,,,,,
2012/09/27,11,137,3,,,,,
2012/09/27,12,132,2,,,,,
2012/09/27,13,139,2,,,,,
2012/09/27,14,136,2,,,,,
2012/09/27,15,144,2,,,,,
2012/09/27,16,139,2,,,,,
2012/09/27,17,139,2,,,,,
2012/09/27,18,137,3,,,,,
2012/09/27,19,137,2,,,,,
2012/09/27,20,133,1,,,,,
2012/09/27,21,141,2,,,,,
2012/09/27,22,125,2,,,,,
2012/09/27,23,117,1,,,,,
2012/09/27,24,110,1,,,,,
2012/09/28,01,113,1,,,,,
2012/09/28,02,107,1,,,,,
2012/09/28,03,102,1,,,,,
2012/09/28,04,90,1,,,,,
2012/09/28,05,92,1,,,,,
2012/09/28,06,92,1,,,,,
2012/09/28,07,111,1,,,,,
2012/09/28,08,133,3,,,,,
2012/09/28,09,155,3,,,,,
2012/09/28,10,147,3,,,,,
2012/09/28,11,137,3,,,,,
2012/09/28,12,138,2,,,,,
2012/09/28,13,141,2,,,,,
2012/09/28,14,145,3,,,,,
2012/09/28,15,145,2,,,,,
2012/09/28,16,139,2,,,,,
2012/09/28,17,139,3,,,,,
2012/09/28,18,142,3,,,,,
2012/09/28,19,142,3,,,,,
2012/09/28,20,132,2,,,,,
2012/09/28,21,146,1,,,,,
2012/09/28,22,130,1,,,,,
2012/09/28,23,116,1,,,,,
2012/09/28,24,113,1,,,,,
2012/09/29,01,116,1,,,,,
2012/09/29,02,111,1,,,,,
2012/09/29,03,105,1,,,,,
2012/09/29,04,93,1,,,,,
2012/09/29,05,96,1,,,,,
2012/09/29,06,97,1,,,,,
2012/09/29,07,120,1,,,,,
2012/09/29,08,133,4,,,,,
2012/09/29,09,151,3,,,,,
2012/09/29,10,147,3,,,,,
2012/09/29,11,139,2,,,,,
2012/09/29,12,140,2,,,,,
2012/09/29,13,143,2,,,,,
2012/09/29,14,142,2,,,,,
2012/09/29,15,151,3,,,,,
2012/09/29,16,139,3,,,,,
2012/09/29,17,141,3,,,,,
2012/09/29,18,140,3,,,,,
2012/09/29,19,141,2,,,,,
2012/09/29,20,132,2,,,,,
2012/09/29,21,145,1,,,,,
2012/09/29,22,128,1,,,,,
2012/09/29,23,118,1,,,,,
2012/09/29,24,112,1,,,,,
2012/09/30,01,115,1,,,,,
2012/09/30,02,110,1,,,,,
2012/09/30,03,105,1,,,,,
2012/09/30,04,91,1,,,,,
2012/09/30,05,95,1,,,,,
2012/09/30,06,97,1,,,,,
2012/09/30,07,120,1,,,,,
2012/09/30,08,129,2,,,,,
2012/09/30,09,150,3,,,,,
2012/09/30,10,151,3,,,,,
2012/09/30,11,141,3,,,,,
2012/09/30,12,141,3,,,,,
2012/09/30,13,137,2,,,,,
2012/09/30,14,141,2,,,,,
2012/09/30,15,146,2,,,,,
2012/09/30,16,144,2,,,,,
2012/09/30,17,145,3,,,,,
2012/09/30,18,145,3,,,,,
2012/09/30,19,148,2,,,,,
2012/09/30,20,140,2,,,,,
2012/09/30,21,146,2,,,,,
2012/09/30,22,128,1,,,,,
2012/09/30,23,121,1,,,,,
2012/09/30,24,118,1,,,,,
2012/10/01,01,117,1,,,,,
2012/10/01,02,114,1,,,,,
2012/10/01,03,108,1,,,,,
2012/10/01,04,97,1,,,,,
2012/10/01,05,99,1,,,,,
2012/10/01,06,101,1,,,,,
2012/10/01,07,135,3,,,,,
2012/10/01,08,135,3,,,,,
2012/10/01,09,156,4,,,,,
2012/10/01,10,156,4,,,,,
2012/10/01,11,152,3,,,,,
2012/10/01,12,145,3,,,,,
2012/10/01,13,148,4,,,,,
2012/10/01,14,142,4,,,,,
2012/10/01,15,150,4,,,,,
2012/10/01,16,147,4,,,,,
2012/10/01,17,156,5,,,,,
2012/10/01,18,152,4,,,,,
2012/10/01,19,148,4,,,,,
2012/10/01,20,142,4,,,,,
2012/10/01,21,149,3,,,,,
2012/10/01,22,132,3,,,,,
2012/10/01,23,125,3,,,,,
2012/10/01,24,119,2,,,,,
2012/10/02,01,122,2,,,,,
2012/10/02,02,117,2,,,,,
2012/10/02,03,111,2,,,,,
2012/10/02,04,99,2,,,,,
2012/10/02,05,102,2,,,,,
2012/10/02,06,103,2,,,,,
2012/10/02,07,129,3,,,,,
2012/10/02,08,137,4,,,,,
2012/10/02,09,158,4,,,,,
2012/10/02,10,154,4,,,,,
2012/10/02,11,148,4,,,,,
2012/10/02,12,143,4,,,,,
2012/10/02,13,150,4,,,,,
2012/10/02,14,152,4,,,,,
2012/10/02,15,152,4,,,,,
2012/10/02,16,152,4,,,,,
2012/10/02,17,155,5,,,,,
2012/10/02,18,160,4,,,,,
2012/10/02,19,153,4,,,,,
2012/10/02,20,149,2,,,,,
2012/10/02,21,154,2,,,,,
2012/10/02,22,139,1,,,,,
2012/10/02,23,133,1,,,,,
2012/10/02,24,121,1,,,,,
2012/10/03,01,123,1,,,,,
2012/10/03,02,119,1,,,,,
2012/10/03,03,112,1,,,,,
2012/10/03,04,98,1,,,,,
2012/10/03,05,102,1,,,,,
2012/10/03,06,103,1,,,,,
2012/10/03,07,135,2,,,,,
2012/10/03,08,139,3,,,,,
2012/10/03,09,159,3,,,,,
2012/10/03,10,153,2,,,,,
2012/10/03,11,145,2,,,,,
2012/10/03,12,145,2,,,,,
2012/10/03,13,146,3,,,,,
2012/10/03,14,147,3,,,,,
2012/10/03,15,152,3,,,,,
2012/10/03,16,146,4,,,,,
2012/10/03,17,148,3,,,,,
2012/10/03,18,149,4,,,,,
2012/10/03,19,146,3,,,,,
2012/10/03,20,140,2,,,,,
2012/10/03,21,144,2,,,,,
2012/10/03,22,128,1,,,,,
2012/10/03,23,123,1,,,,,
2012/10/03,24,119,1,,,,,
2012/10/04,01,120,1,,,,,
2012/10/04,02,114,1,,,,,
2012/10/04,03,108,1,,,,,
2012/10/04,04,95,1,,,,,
2012/10/04,05,98,1,,,,,
2012/10/04,06,100,1,,,,,
2012/10/04,07,133,1,,,,,
2012/10/04,08,136,3,,,,,
2012/10/04,09,156,4,,,,,
2012/10/04,10,146,3,,,,,
2012/10/04,11,138,3,,,,,
2012/10/04,12,139,3,,,,,
2012/10/04,13,139,3,,,,,
2012/10/04,14,142,2,,,,,
2012/10/04,15,143,3,,,,,
2012/10/04,16,139,2,,,,,
2012/10/04,17,142,3,,,,,
2012/10/04,18,140,3,,,,,
2012/10/04,19,139,2,,,,,
2012/10/04,20,133,1,,,,,
2012/10/04,21,137,1,,,,,
2012/10/04,22,123,1,,,,,
2012/10/04,23,114,1,,,,,
2012/10/04,24,113,1,,,,,
2012/10/05,01,115,1,,,,,
2012/10/05,02,109,1,,,,,
2012/10/05,03,103,1,,,,,
2012/10/05,04,93,1,,,,,
2012/10/05,05,95,1,,,,,
2012/10/05,06,95,1,,,,,
2012/10/05,07,115,1,,,,,
2012/10/05,08,128,2,,,,,
2012/10/05,09,150,3,,,,,
2012/10/05,10,147,3,,,,,
2012/10/05,11,140,2,,,,,
2012/10/05,12,138,2,,,,,
2012/10/05,13,138,3,,,,,
2012/10/05,14,144,3,,,,,
2012/10/05,15,145,3,,,,,
2012/10/05,16,138,3,,,,,
2012/10/05,17,144,3,,,,,
2012/10/05,18,138,3,,,,,
2012/10/05,19,138,3,,,,,
2012/10/05,20,133,2,,,,,
2012/10/05,21,142,1,,,,,
2012/10/05,22,128,1,,,,,
2012/10/05,23,119,1,,,,,
2012/10/05,24,115,1,,,,,
2012/10/06,01,117,1,,,,,
2012/10/06,02,113,1,,,,,
2012/10/06,03,106,1,,,,,
2012/10/06,04,95,1,,,,,
2012/10/06,05,100,1,,,,,
2012/10/06,06,99,1,,,,,
2012/10/06,07,118,1,,,,,
2012/10/06,08,135,2,,,,,
2012/10/06,09,159,3,,,,,
2012/10/06,10,147,3,,,,,
2012/10/06,11,149,3,,,,,
2012/10/06,12,141,3,,,,,
2012/10/06,13,143,2,,,,,
2012/10/06,14,149,2,,,,,
2012/10/06,15,151,2,,,,,
2012/10/06,16,139,2,,,,,
2012/10/06,17,143,2,,,,,
2012/10/06,18,144,2,,,,,
2012/10/06,19,143,2,,,,,
2012/10/06,20,134,2,,,,,
2012/10/06,21,148,2,,,,,
2012/10/06,22,130,2,,,,,
2012/10/06,23,126,1,,,,,
2012/10/06,24,115,1,,,,,
2012/10/07,01,119,1,,,,,
2012/10/07,02,112,1,,,,,
2012/10/07,03,109,1,,,,,
2012/10/07,04,97,1,,,,,
2012/10/07,05,102,1,,,,,
2012/10/07,06,99,1,,,,,
2012/10/07,07,133,2,,,,,
2012/10/07,08,136,3,,,,,
2012/10/07,09,157,3,,,,,
2012/10/07,10,154,3,,,,,
2012/10/07,11,152,4,,,,,
2012/10/07,12,142,3,,,,,
2012/10/07,13,139,3,,,,,
2012/10/07,14,144,3,,,,,
2012/10/07,15,148,3,,,,,
2012/10/07,16,143,2,,,,,
2012/10/07,17,153,3,,,,,
2012/10/07,18,148,3,,,,,
2012/10/07,19,145,2,,,,,
2012/10/07,20,140,2,,,,,
2012/10/07,21,143,1,,,,,
2012/10/07,22,131,1,,,,,
2012/10/07,23,125,1,,,,,
2012/10/07,24,120,1,,,,,
2012/10/08,01,121,1,,,,,
2012/10/08,02,116,1,,,,,
2012/10/08,03,111,1,,,,,
2012/10/08,04,100,1,,,,,
2012/10/08,05,101,1,,,,,
2012/10/08,06,102,1,,,,,
2012/10/08,07,136,2,,,,,
2012/10/08,08,138,3,,,,,
2012/10/08,09,159,3,,,,,
2012/10/08,10,155,3,,,,,
2012/10/08,11,151,2,,,,,
2012/10/08,12,147,2,,,,,
2012/10/08,13,147,2,,,,,
2012/10/08,14,147,2,,,,,
2012/10/08,15,153,3,,,,,
2012/10/08,16,152,5,,,,,
2012/10/08,17,152,3,,,,,
2012/10/08,18,155,4,,,,,
2012/10/08,19,153,4,,,,,
2012/10/08,20,145,3,,,,,
2012/10/08,21,159,3,,,,,
2012/10/08,22,142,2,,,,,
2012/10/08,23,135,2,,,,,
2012/10/08,24,122,1,,,,,
2012/10/09,01,122,1,,,,,
2012/10/09,02,117,1,,,,,
2012/10/09,03,112,1,,,,,
2012/10/09,04,101,1,,,,,
2012/10/09,05,104,1,,,,,
2012/10/09,06,104,1,,,,,
2012/10/09,07,148,2,,,,,
2012/10/09,08,143,3,,,,,
2012/10/09,09,162,3,,,,,
2012/10/09,10,159,3,,,,,
2012/10/09,11,161,3,,,,,
2012/10/09,12,159,5,,,,,
2012/10/09,13,160,5,,,,,
2012/10/09,14,163,5,,,,,
2012/10/09,15,163,5,,,,,
2012/10/09,16,159,5,,,,,
2012/10/09,17,164,5,,,,,
2012/10/09,18,162,6,,,,,
2012/10/09,19,157,4,,,,,
2012/10/09,20,150,3,,,,,
2012/10/09,21,160,3,,,,,
2012/10/09,22,143,2,,,,,
2012/10/09,23,134,2,,,,,
2012/10/09,24,125,1,,,,,
2012/10/10,01,125,1,,,,,
2012/10/10,02,118,1,,,,,
2012/10/10,03,112,1,,,,,
2012/10/10,04,102,1,,,,,
2012/10/10,05,103,1,,,,,
2012/10/10,06,104,1,,,,,
2012/10/10,07,142,1,,,,,
2012/10/10,08,138,3,,,,,
2012/10/10,09,159,4,,,,,
2012/10/10,10,160,6,,,,,
2012/10/10,11,152,5,,,,,
2012/10/10,12,150,5,,,,,
2012/10/10,13,147,5,,,,,
2012/10/10,14,151,6,,,,,
2012/10/10,15,152,5,,,,,
2012/10/10,16,149,5,,,,,
2012/10/10,17,151,6,,,,,
2012/10/10,18,153,5,,,,,
2012/10/10,19,149,5,,,,,
2012/10/10,20,140,1,,,,,
2012/10/10,21,151,1,,,,,
2012/10/10,22,136,1,,,,,
2012/10/10,23,124,1,,,,,
2012/10/10,24,118,1,,,,,
2012/10/11,01,121,1,,,,,
2012/10/11,02,116,1,,,,,
2012/10/11,03,109,1,,,,,
2012/10/11,04,100,1,,,,,
2012/10/11,05,100,1,,,,,
2012/10/11,06,102,1,,,,,
2012/10/11,07,137,2,,,,,
2012/10/11,08,144,6,,,,,
2012/10/11,09,160,6,,,,,
2012/10/11,10,155,5,,,,,
2012/10/11,11,154,5,,,,,
2012/10/11,12,151,5,,,,,
2012/10/11,13,153,6,,,,,
2012/10/11,14,151,6,,,,,
2012/10/11,15,157,5,,,,,
2012/10/11,16,154,5,,,,,
2012/10/11,17,155,5,,,,,
2012/10/11,18,156,5,,,,,
2012/10/11,19,152,4,,,,,
2012/10/11,20,149,4,,,,,
2012/10/11,21,151,2,,,,,
2012/10/11,22,134,1,,,,,
2012/10/11,23,131,1,,,,,
2012/10/11,24,124,1,,,,,
2012/10/12,01,124,1,,,,,
2012/10/12,02,118,1,,,,,
2012/10/12,03,114,1,,,,,
2012/10/12,04,103,1,,,,,
2012/10/12,05,105,1,,,,,
2012/10/12,06,105,1,,,,,
2012/10/12,07,145,1,,,,,
2012/10/12,08,145,5,,,,,
2012/10/12,09,168,5,,,,,
2012/10/12,10,159,5,,,,,
2012/10/12,11,157,5,,,,,
2012/10/12,12,149,5,,,,,
2012/10/12,13,152,5,,,,,
2012/10/12,14,155,5,,,,,
2012/10/12,15,154,5,,,,,
2012/10/12,16,149,5,,,,,
2012/10/12,17,148,5,,,,,
2012/10/12,18,150,5,,,,,
2012/10/12,19,148,5,,,,,
2012/10/12,20,134,3,,,,,
2012/10/12,21,141,3,,,,,
2012/10/12,22,127,1,,,,,
2012/10/12,23,119,1,,,,,
2012/10/12,24,117,1,,,,,
2012/10/13,01,118,1,,,,,
2012/10/13,02,114,1,,,,,
2012/10/13,03,107,1,,,,,
2012/10/13,04,96,1,,,,,
2012/10/13,05,97,1,,,,,
2012/10/13,06,98,1,,,,,
2012/10/13,07,133,2,,,,,
2012/10/13,08,134,4,,,,,
2012/10/13,09,156,3,,,,,
2012/10/13,10,144,3,,,,,
2012/10/13,11,141,3,,,,,
2012/10/13,12,135,3,,,,,
2012/10/13,13,140,2,,,,,
2012/10/13,14,142,4,,,,,
2012/10/13,15,146,4,,,,,
2012/10/13,16,139,4,,,,,
2012/10/13,17,141,2,,,,,
2012/10/13,18,138,2,,,,,
2012/10/13,19,138,1,,,,,
2012/10/13,20,129,1,,,,,
2012/10/13,21,141,1,,,,,
2012/10/13,22,126,1,,,,,
2012/10/13,23,120,1,,,,,
2012/10/13,24,110,1,,,,,
2012/10/14,01,115,1,,,,,
2012/10/14,02,108,1,,,,,
2012/10/14,03,110,1,,,,,
2012/10/14,04,97,1,,,,,
2012/10/14,05,103,1,,,,,
2012/10/14,06,103,1,,,,,
2012/10/14,07,117,1,,,,,
2012/10/14,08,126,2,,,,,
2012/10/14,09,156,3,,,,,
2012/10/14,10,146,3,,,,,
2012/10/14,11,139,2,,,,,
2012/10/14,12,136,2,,,,,
2012/10/14,13,137,2,,,,,
2012/10/14,14,141,2,,,,,
2012/10/14,15,145,2,,,,,
2012/10/14,16,143,2,,,,,
2012/10/14,17,148,3,,,,,
2012/10/14,18,139,3,,,,,
2012/10/14,19,143,2,,,,,
2012/10/14,20,137,2,,,,,
2012/10/14,21,146,1,,,,,
2012/10/14,22,129,2,,,,,
2012/10/14,23,119,1,,,,,
2012/10/14,24,115,1,,,,,
2012/10/15,01,115,1,,,,,
2012/10/15,02,111,1,,,,,
2012/10/15,03,105,1,,,,,
2012/10/15,04,94,1,,,,,
2012/10/15,05,98,1,,,,,
2012/10/15,06,98,1,,,,,
2012/10/15,07,121,1,,,,,
2012/10/15,08,136,2,,,,,
2012/10/15,09,150,3,,,,,
2012/10/15,10,149,3,,,,,
2012/10/15,11,145,3,,,,,
2012/10/15,12,139,2,,,,,
2012/10/15,13,144,2,,,,,
2012/10/15,14,141,2,,,,,
2012/10/15,15,146,2,,,,,
2012/10/15,16,136,3,,,,,
2012/10/15,17,142,2,,,,,
2012/10/15,18,135,3,,,,,
2012/10/15,19,137,2,,,,,
2012/10/15,20,127,1,,,,,
2012/10/15,21,135,1,,,,,
2012/10/15,22,122,1,,,,,
2012/10/15,23,115,1,,,,,
2012/10/15,24,112,1,,,,,
2012/10/16,01,113,1,,,,,
2012/10/16,02,108,1,,,,,
2012/10/16,03,102,1,,,,,
2012/10/16,04,87,1,,,,,
2012/10/16,05,90,1,,,,,
2012/10/16,06,93,1,,,,,
2012/10/16,07,128,1,,,,,
2012/10/16,08,131,2,,,,,
2012/10/16,09,149,4,,,,,
2012/10/16,10,153,3,,,,,
2012/10/16,11,144,3,,,,,
2012/10/16,12,144,3,,,,,
2012/10/16,13,143,3,,,,,
2012/10/16,14,144,3,,,,,
2012/10/16,15,147,2,,,,,
2012/10/16,16,145,2,,,,,
2012/10/16,17,143,2,,,,,
2012/10/16,18,140,3,,,,,
2012/10/16,19,141,2,,,,,
2012/10/16,20,132,1,,,,,
2012/10/16,21,141,1,,,,,
2012/10/16,22,125,1,,,,,
2012/10/16,23,118,1,,,,,
2012/10/16,24,110,1,,,,,
2012/10/17,01,113,1,,,,,
2012/10/17,02,108,1,,,,,
2012/10/17,03,101,1,,,,,
2012/10/17,04,90,1,,,,,
2012/10/17,05,103,1,,,,,
2012/10/17,06,102,1,,,,,
2012/10/17,07,118,1,,,,,
2012/10/17,08,129,2,,,,,
2012/10/17,09,152,3,,,,,
2012/10/17,10,143,3,,,,,
2012/10/17,11,136,2,,,,,
2012/10/17,12,132,2,,,,,
2012/10/17,13,131,2,,,,,
2012/10/17,14,138,1,,,,,
2012/10/17,15,143,2,,,,,
2012/10/17,16,132,2,,,,,
2012/10/17,17,138,2,,,,,
2012/10/17,18,133,2,,,,,
2012/10/17,19,135,2,,,,,
2012/10/17,20,128,1,,,,,
2012/10/17,21,135,1,,,,,
2012/10/17,22,120,1,,,,,
2012/10/17,23,112,1,,,,,
2012/10/17,24,109,1,,,,,
2012/10/18,01,111,1,,,,,
2012/10/18,02,107,1,,,,,
2012/10/18,03,102,1,,,,,
2012/10/18,04,89,1,,,,,
2012/10/18,05,93,1,,,,,
2012/10/18,06,94,1,,,,,
2012/10/18,07,114,1,,,,,
2012/10/18,08,127,3,,,,,
2012/10/18,09,157,4,,,,,
2012/10/18,10,142,3,,,,,
2012/10/18,11,139,3,,,,,
2012/10/18,12,135,3,,,,,
2012/10/18,13,133,3,,,,,
2012/10/18,14,137,2,,,,,
2012/10/18,15,143,3,,,,,
2012/10/18,16,138,2,,,,,
2012/10/18,17,137,2,,,,,
2012/10/18,18,134,2,,,,,
2012/10/18,19,137,2,,,,,
2012/10/18,20,130,1,,,,,
2012/10/18,21,143,1,,,,,
2012/10/18,22,125,1,,,,,
2012/10/18,23,119,1,,,,,
2012/10/18,24,110,1,,,,,
2012/10/19,01,111,1,,,,,
2012/10/19,02,108,1,,,,,
2012/10/19,03,102,1,,,,,
2012/10/19,04,91,1,,,,,
2012/10/19,05,92,1,,,,,
2012/10/19,06,94,1,,,,,
2012/10/19,07,110,1,,,,,
2012/10/19,08,127,2,,,,,
2012/10/19,09,151,2,,,,,
2012/10/19,10,139,3,,,,,
2012/10/19,11,138,2,,,,,
2012/10/19,12,136,2,,,,,
2012/10/19,13,135,2,,,,,
2012/10/19,14,138,2,,,,,
2012/10/19,15,146,2,,,,,
2012/10/19,16,132,2,,,,,
2012/10/19,17,141,2,,,,,
2012/10/19,18,136,2,,,,,
2012/10/19,19,136,2,,,,,
2012/10/19,20,132,1,,,,,
2012/10/19,21,138,1,,,,,
2012/10/19,22,123,1,,,,,
2012/10/19,23,115,1,,,,,
2012/10/19,24,109,1,,,,,
2012/10/20,01,110,1,,,,,
2012/10/20,02,105,1,,,,,
2012/10/20,03,100,1,,,,,
2012/10/20,04,88,1,,,,,
2012/10/20,05,91,1,,,,,
2012/10/20,06,92,1,,,,,
2012/10/20,07,109,1,,,,,
2012/10/20,08,125,2,,,,,
2012/10/20,09,147,2,,,,,
2012/10/20,10,141,2,,,,,
2012/10/20,11,138,2,,,,,
2012/10/20,12,132,2,,,,,
2012/10/20,13,134,2,,,,,
2012/10/20,14,133,3,,,,,
2012/10/20,15,147,7,,,,,
2012/10/20,16,135,7,,,,,
2012/10/20,17,134,6,,,,,
2012/10/20,18,129,2,,,,,
2012/10/20,19,133,1,,,,,
2012/10/20,20,125,1,,,,,
2012/10/20,21,138,1,,,,,
2012/10/20,22,121,1,,,,,
2012/10/20,23,114,1,,,,,
2012/10/20,24,107,1,,,,,
2012/10/21,01,110,1,,,,,
2012/10/21,02,105,1,,,,,
2012/10/21,03,99,1,,,,,
2012/10/21,04,88,1,,,,,
2012/10/21,05,91,1,,,,,
2012/10/21,06,87,1,,,,,
2012/10/21,07,109,2,,,,,
2012/10/21,08,130,3,,,,,
2012/10/21,09,150,2,,,,,
2012/10/21,10,142,2,,,,,
2012/10/21,11,138,2,,,,,
2012/10/21,12,136,2,,,,,
2012/10/21,13,133,2,,,,,
2012/10/21,14,140,2,,,,,
2012/10/21,15,144,2,,,,,
2012/10/21,16,141,3,,,,,
2012/10/21,17,143,2,,,,,
2012/10/21,18,138,2,,,,,
2012/10/21,19,144,2,,,,,
2012/10/21,20,133,1,,,,,
2012/10/21,21,138,1,,,,,
2012/10/21,22,124,1,,,,,
2012/10/21,23,113,1,,,,,
2012/10/21,24,111,1,,,,,
2012/10/22,01,113,1,,,,,
2012/10/22,02,107,1,,,,,
2012/10/22,03,104,1,,,,,
2012/10/22,04,92,1,,,,,
2012/10/22,05,96,1,,,,,
2012/10/22,06,95,1,,,,,
2012/10/22,07,115,1,,,,,
2012/10/22,08,125,2,,,,,
2012/10/22,09,150,2,,,,,
2012/10/22,10,145,2,,,,,
2012/10/22,11,137,2,,,,,
2012/10/22,12,140,2,,,,,
2012/10/22,13,136,2,,,,,
2012/10/22,14,138,5,,,,,
2012/10/22,15,155,12,,,,,
2012/10/22,16,150,11,,,,,
2012/10/22,17,149,11,,,,,
2012/10/22,18,144,10,,,,,
2012/10/22,19,149,10,,,,,
2012/10/22,20,142,10,,,,,
2012/10/22,21,153,8,,,,,
2012/10/22,22,126,1,,,,,
2012/10/22,23,116,1,,,,,
2012/10/22,24,111,1,,,,,
2012/10/23,01,113,1,,,,,
2012/10/23,02,108,1,,,,,
2012/10/23,03,103,1,,,,,
2012/10/23,04,91,1,,,,,
2012/10/23,05,93,1,,,,,
2012/10/23,06,95,1,,,,,
2012/10/23,07,110,1,,,,,
2012/10/23,08,131,5,,,,,
2012/10/23,09,157,7,,,,,
2012/10/23,10,147,2,,,,,
2012/10/23,11,143,2,,,,,
2012/10/23,12,138,2,,,,,
2012/10/23,13,142,2,,,,,
2012/10/23,14,142,2,,,,,
2012/10/23,15,148,2,,,,,
2012/10/23,16,140,2,,,,,
2012/10/23,17,144,2,,,,,
2012/10/23,18,138,2,,,,,
2012/10/23,19,138,1,,,,,
2012/10/23,20,130,1,,,,,
2012/10/23,21,141,1,,,,,
2012/10/23,22,125,2,,,,,
2012/10/23,23,115,1,,,,,
2012/10/23,24,109,1,,,,,
2012/10/24,01,111,1,,,,,
2012/10/24,02,105,1,,,,,
2012/10/24,03,100,1,,,,,
2012/10/24,04,86,1,,,,,
2012/10/24,05,91,1,,,,,
2012/10/24,06,93,1,,,,,
2012/10/24,07,113,1,,,,,
2012/10/24,08,131,5,,,,,
2012/10/24,09,149,7,,,,,
2012/10/24,10,146,7,,,,,
2012/10/24,11,139,5,,,,,
2012/10/24,12,130,2,,,,,
2012/10/24,13,134,2,,,,,
2012/10/24,14,135,2,,,,,
2012/10/24,15,142,2,,,,,
2012/10/24,16,133,2,,,,,
2012/10/24,17,136,2,,,,,
2012/10/24,18,131,2,,,,,
2012/10/24,19,133,1,,,,,
2012/10/24,20,122,1,,,,,
2012/10/24,21,131,1,,,,,
2012/10/24,22,117,1,,,,,
2012/10/24,23,110,1,,,,,
2012/10/24,24,108,1,,,,,
2012/10/25,01,109,1,,,,,
2012/10/25,02,104,1,,,,,
2012/10/25,03,100,1,,,,,
2012/10/25,04,86,1,,,,,
2012/10/25,05,85,1,,,,,
2012/10/25,06,83,1,,,,,
2012/10/25,07,112,1,,,,,
2012/10/25,08,124,2,,,,,
2012/10/25,09,149,2,,,,,
2012/10/25,10,142,2,,,,,
2012/10/25,11,139,3,,,,,
2012/10/25,12,146,12,,,,,
2012/10/25,13,150,15,,,,,
2012/10/25,14,149,14,,,,,
2012/10/25,15,156,13,,,,,
2012/10/25,16,151,13,,,,,
2012/10/25,17,153,12,,,,,
2012/10/25,18,148,13,,,,,
2012/10/25,19,146,11,,,,,
2012/10/25,20,143,11,,,,,
2012/10/25,21,149,11,,,,,
2012/10/25,22,124,2,,,,,
2012/10/25,23,113,1,,,,,
2012/10/25,24,112,1,,,,,
2012/10/26,01,111,1,,,,,
2012/10/26,02,107,1,,,,,
2012/10/26,03,102,1,,,,,
2012/10/26,04,85,1,,,,,
2012/10/26,05,95,1,,,,,
2012/10/26,06,93,1,,,,,
2012/10/26,07,112,1,,,,,
2012/10/26,08,127,1,,,,,
2012/10/26,09,150,2,,,,,
2012/10/26,10,143,2,,,,,
2012/10/26,11,136,2,,,,,
2012/10/26,12,133,2,,,,,
2012/10/26,13,135,4,,,,,
2012/10/26,14,153,15,,,,,
2012/10/26,15,155,15,,,,,
2012/10/26,16,145,13,,,,,
2012/10/26,17,148,11,,,,,
2012/10/26,18,146,11,,,,,
2012/10/26,19,141,10,,,,,
2012/10/26,20,136,10,,,,,
2012/10/26,21,147,9,,,,,
2012/10/26,22,124,1,,,,,
2012/10/26,23,116,1,,,,,
2012/10/26,24,109,1,,,,,
2012/10/27,01,111,1,,,,,
2012/10/27,02,107,1,,,,,
2012/10/27,03,102,1,,,,,
2012/10/27,04,89,1,,,,,
2012/10/27,05,92,1,,,,,
2012/10/27,06,92,1,,,,,
2012/10/27,07,107,1,,,,,
2012/10/27,08,129,5,,,,,
2012/10/27,09,148,4,,,,,
2012/10/27,10,138,2,,,,,
2012/10/27,11,134,2,,,,,
2012/10/27,12,129,2,,,,,
2012/10/27,13,135,2,,,,,
2012/10/27,14,133,2,,,,,
2012/10/27,15,137,2,,,,,
2012/10/27,16,131,2,,,,,
2012/10/27,17,131,2,,,,,
2012/10/27,18,129,1,,,,,
2012/10/27,19,129,1,,,,,
2012/10/27,20,123,1,,,,,
2012/10/27,21,136,1,,,,,
2012/10/27,22,120,1,,,,,
2012/10/27,23,108,1,,,,,
2012/10/27,24,106,1,,,,,
2012/10/28,01,109,1,,,,,
2012/10/28,02,105,1,,,,,
2012/10/28,03,102,1,,,,,
2012/10/28,04,88,1,,,,,
2012/10/28,05,92,2,,,,,
2012/10/28,06,89,1,,,,,
2012/10/28,07,104,1,,,,,
2012/10/28,08,123,5,,,,,
2012/10/28,09,142,2,,,,,
2012/10/28,10,139,2,,,,,
2012/10/28,11,132,2,,,,,
2012/10/28,12,132,2,,,,,
2012/10/28,13,131,2,,,,,
2012/10/28,14,132,1,,,,,
2012/10/28,15,138,2,,,,,
2012/10/28,16,136,2,,,,,
2012/10/28,17,139,2,,,,,
2012/10/28,18,131,2,,,,,
2012/10/28,19,135,2,,,,,
2012/10/28,20,125,1,,,,,
2012/10/28,21,132,1,,,,,
2012/10/28,22,116,1,,,,,
2012/10/28,23,108,1,,,,,
2012/10/28,24,106,1,,,,,
2012/10/29,01,108,1,,,,,
2012/10/29,02,103,1,,,,,
2012/10/29,03,100,1,,,,,
2012/10/29,04,85,1,,,,,
2012/10/29,05,90,1,,,,,
2012/10/29,06,89,1,,,,,
2012/10/29,07,108,2,,,,,
2012/10/29,08,122,4,,,,,
2012/10/29,09,150,2,,,,,
2012/10/29,10,137,2,,,,,
2012/10/29,11,140,7,,,,,
2012/10/29,12,133,6,,,,,
2012/10/29,13,129,2,,,,,
2012/10/29,14,129,2,,,,,
2012/10/29,15,141,2,,,,,
2012/10/29,16,133,2,,,,,
2012/10/29,17,133,2,,,,,
2012/10/29,18,129,2,,,,,
2012/10/29,19,134,1,,,,,
2012/10/29,20,126,1,,,,,
2012/10/29,21,135,1,,,,,
2012/10/29,22,119,1,,,,,
2012/10/29,23,110,1,,,,,
2012/10/29,24,108,1,,,,,
2012/10/30,01,109,1,,,,,
2012/10/30,02,104,1,,,,,
2012/10/30,03,100,2,,,,,
2012/10/30,04,88,2,,,,,
2012/10/30,05,91,2,,,,,
2012/10/30,06,88,2,,,,,
2012/10/30,07,108,1,,,,,
2012/10/30,08,124,2,,,,,
2012/10/30,09,144,2,,,,,
2012/10/30,10,142,2,,,,,
2012/10/30,11,140,2,,,,,
2012/10/30,12,142,1,,,,,
2012/10/30,13,135,2,,,,,
2012/10/30,14,136,2,,,,,
2012/10/30,15,144,2,,,,,
2012/10/30,16,138,2,,,,,
2012/10/30,17,155,16,,,,,
2012/10/30,18,151,15,,,,,
2012/10/30,19,151,13,,,,,
2012/10/30,20,146,13,,,,,
2012/10/30,21,153,13,,,,,
2012/10/30,22,130,1,,,,,
2012/10/30,23,118,1,,,,,
2012/10/30,24,107,1,,,,,
2012/10/31,01,111,1,,,,,
2012/10/31,02,106,1,,,,,
2012/10/31,03,102,2,,,,,
2012/10/31,04,91,2,,,,,
2012/10/31,05,92,1,,,,,
2012/10/31,06,92,2,,,,,
2012/10/31,07,107,1,,,,,
2012/10/31,08,125,2,,,,,
2012/10/31,09,147,2,,,,,
2012/10/31,10,149,8,,,,,
2012/10/31,11,145,10,,,,,
2012/10/31,12,143,9,,,,,
2012/10/31,13,145,9,,,,,
2012/10/31,14,143,8,,,,,
2012/10/31,15,147,8,,,,,
2012/10/31,16,145,9,,,,,
2012/10/31,17,149,9,,,,,
2012/10/31,18,145,9,,,,,
2012/10/31,19,145,9,,,,,
2012/10/31,20,139,9,,,,,
2012/10/31,21,144,8,,,,,
2012/10/31,22,120,1,,,,,
2012/10/31,23,111,1,,,,,
2012/10/31,24,107,1,,,,,
2012/11/01,01,110,1,,,,,
2012/11/01,02,106,1,,,,,
2012/11/01,03,100,1,,,,,
2012/11/01,04,73,1,,,,,
2012/11/01,05,64,1,,,,,
2012/11/01,06,68,1,,,,,
2012/11/01,07,117,3,,,,,
2012/11/01,08,136,7,,,,,
2012/11/01,09,155,7,,,,,
2012/11/01,10,151,7,,,,,
2012/11/01,11,143,3,,,,,
2012/11/01,12,140,2,,,,,
2012/11/01,13,136,2,,,,,
2012/11/01,14,142,2,,,,,
2012/11/01,15,146,2,,,,,
2012/11/01,16,139,2,,,,,
2012/11/01,17,145,2,,,,,
2012/11/01,18,137,2,,,,,
2012/11/01,19,135,1,,,,,
2012/11/01,20,129,1,,,,,
2012/11/01,21,132,1,,,,,
2012/11/01,22,119,1,,,,,
2012/11/01,23,112,1,,,,,
2012/11/01,24,110,1,,,,,
2012/11/02,01,110,1,,,,,
2012/11/02,02,105,1,,,,,
2012/11/02,03,103,1,,,,,
2012/11/02,04,89,1,,,,,
2012/11/02,05,67,2,,,,,
2012/11/02,06,68,1,,,,,
2012/11/02,07,112,2,,,,,
2012/11/02,08,130,5,,,,,
2012/11/02,09,153,7,,,,,
2012/11/02,10,147,5,,,,,
2012/11/02,11,144,9,,,,,
2012/11/02,12,149,12,,,,,
2012/11/02,13,144,11,,,,,
2012/11/02,14,150,11,,,,,
2012/11/02,15,154,14,,,,,
2012/11/02,16,150,14,,,,,
2012/11/02,17,148,13,,,,,
2012/11/02,18,149,14,,,,,
2012/11/02,19,148,13,,,,,
2012/11/02,20,141,12,,,,,
2012/11/02,21,150,11,,,,,
2012/11/02,22,127,5,,,,,
2012/11/02,23,124,5,,,,,
2012/11/02,24,111,1,,,,,
2012/11/03,01,112,1,,,,,
2012/11/03,02,107,1,,,,,
2012/11/03,03,105,1,,,,,
2012/11/03,04,89,2,,,,,
2012/11/03,05,67,2,,,,,
2012/11/03,06,67,1,,,,,
2012/11/03,07,107,1,,,,,
2012/11/03,08,129,5,,,,,
2012/11/03,09,150,7,,,,,
2012/11/03,10,147,7,,,,,
2012/11/03,11,141,6,,,,,
2012/11/03,12,138,2,,,,,
2012/11/03,13,135,2,,,,,
2012/11/03,14,138,2,,,,,
2012/11/03,15,142,2,,,,,
2012/11/03,16,137,2,,,,,
2012/11/03,17,137,2,,,,,
2012/11/03,18,137,2,,,,,
2012/11/03,19,134,1,,,,,
2012/11/03,20,129,1,,,,,
2012/11/03,21,139,1,,,,,
2012/11/03,22,121,1,,,,,
2012/11/03,23,111,1,,,,,
2012/11/03,24,107,1,,,,,
2012/11/04,01,110,1,,,,,
2012/11/04,02,105,1,,,,,
2012/11/04,03,104,2,,,,,
2012/11/04,04,87,2,,,,,
2012/11/04,05,61,2,,,,,
2012/11/04,06,62,2,,,,,
2012/11/04,07,106,1,,,,,
2012/11/04,08,127,4,,,,,
2012/11/04,09,150,2,,,,,
2012/11/04,10,140,2,,,,,
2012/11/04,11,138,2,,,,,
2012/11/04,12,136,3,,,,,
2012/11/04,13,147,15,,,,,
2012/11/04,14,152,15,,,,,
2012/11/04,15,158,15,,,,,
2012/11/04,16,153,15,,,,,
2012/11/04,17,156,15,,,,,
2012/11/04,18,151,15,,,,,
2012/11/04,19,147,14,,,,,
2012/11/04,20,139,15,,,,,
2012/11/04,21,144,13,,,,,
2012/11/04,22,119,1,,,,,
2012/11/04,23,110,1,,,,,
2012/11/04,24,106,1,,,,,
2012/11/05,01,108,1,,,,,
2012/11/05,02,103,1,,,,,
2012/11/05,03,102,1,,,,,
2012/11/05,04,81,2,,,,,
2012/11/05,05,61,2,,,,,
2012/11/05,06,61,2,,,,,
2012/11/05,07,111,1,,,,,
2012/11/05,08,131,6,,,,,
2012/11/05,09,157,12,,,,,
2012/11/05,10,146,7,,,,,
2012/11/05,11,149,12,,,,,
2012/11/05,12,150,14,,,,,
2012/11/05,13,145,11,,,,,
2012/11/05,14,149,9,,,,,
2012/11/05,15,151,9,,,,,
2012/11/05,16,150,9,,,,,
2012/11/05,17,146,10,,,,,
2012/11/05,18,145,13,,,,,
2012/11/05,19,147,13,,,,,
2012/11/05,20,139,11,,,,,
2012/11/05,21,145,11,,,,,
2012/11/05,22,124,3,,,,,
2012/11/05,23,107,1,,,,,
2012/11/05,24,105,1,,,,,
2012/11/06,01,106,1,,,,,
2012/11/06,02,103,1,,,,,
2012/11/06,03,98,2,,,,,
2012/11/06,04,92,2,,,,,
2012/11/06,05,74,2,,,,,
2012/11/06,06,74,2,,,,,
2012/11/06,07,105,1,,,,,
2012/11/06,08,128,6,,,,,
2012/11/06,09,151,7,,,,,
2012/11/06,10,141,3,,,,,
2012/11/06,11,136,2,,,,,
2012/11/06,12,138,2,,,,,
2012/11/06,13,136,2,,,,,
2012/11/06,14,134,2,,,,,
2012/11/06,15,146,2,,,,,
2012/11/06,16,140,2,,,,,
2012/11/06,17,145,2,,,,,
2012/11/06,18,135,2,,,,,
2012/11/06,19,133,1,,,,,
2012/11/06,20,130,1,,,,,
2012/11/06,21,138,1,,,,,
2012/11/06,22,124,1,,,,,
2012/11/06,23,114,1,,,,,
2012/11/06,24,108,1,,,,,
2012/11/07,01,108,1,,,,,
2012/11/07,02,104,1,,,,,
2012/11/07,03,100,2,,,,,
2012/11/07,04,84,2,,,,,
2012/11/07,05,60,2,,,,,
2012/11/07,06,62,1,,,,,
2012/11/07,07,107,1,,,,,
2012/11/07,08,125,4,,,,,
2012/11/07,09,148,7,,,,,
2012/11/07,10,145,6,,,,,
2012/11/07,11,138,2,,,,,
2012/11/07,12,133,2,,,,,
2012/11/07,13,138,2,,,,,
2012/11/07,14,140,1,,,,,
2012/11/07,15,142,2,,,,,
2012/11/07,16,139,2,,,,,
2012/11/07,17,140,2,,,,,
2012/11/07,18,136,1,,,,,
2012/11/07,19,137,1,,,,,
2012/11/07,20,124,2,,,,,
2012/11/07,21,132,2,,,,,
2012/11/07,22,116,1,,,,,
2012/11/07,23,111,1,,,,,
2012/11/07,24,110,1,,,,,
2012/11/08,01,111,1,,,,,
2012/11/08,02,106,1,,,,,
2012/11/08,03,102,1,,,,,
2012/11/08,04,88,2,,,,,
2012/11/08,05,61,2,,,,,
2012/11/08,06,61,2,,,,,
2012/11/08,07,110,2,,,,,
2012/11/08,08,131,7,,,,,
2012/11/08,09,152,7,,,,,
2012/11/08,10,141,4,,,,,
2012/11/08,11,134,2,,,,,
2012/11/08,12,132,2,,,,,
2012/11/08,13,135,2,,,,,
2012/11/08,14,135,2,,,,,
2012/11/08,15,144,2,,,,,
2012/11/08,16,137,2,,,,,
2012/11/08,17,142,2,,,,,
2012/11/08,18,133,1,,,,,
2012/11/08,19,132,1,,,,,
2012/11/08,20,124,1,,,,,
2012/11/08,21,132,1,,,,,
2012/11/08,22,117,1,,,,,
2012/11/08,23,112,1,,,,,
2012/11/08,24,106,1,,,,,
2012/11/09,01,106,1,,,,,
2012/11/09,02,101,1,,,,,
2012/11/09,03,101,2,,,,,
2012/11/09,04,85,2,,,,,
2012/11/09,05,63,2,,,,,
2012/11/09,06,66,2,,,,,
2012/11/09,07,106,1,,,,,
2012/11/09,08,126,5,,,,,
2012/11/09,09,152,7,,,,,
2012/11/09,10,143,7,,,,,
2012/11/09,11,148,15,,,,,
2012/11/09,12,148,17,,,,,
2012/11/09,13,150,16,,,,,
2012/11/09,14,152,15,,,,,
2012/11/09,15,156,15,,,,,
2012/11/09,16,148,15,,,,,
2012/11/09,17,147,15,,,,,
2012/11/09,18,151,16,,,,,
2012/11/09,19,150,15,,,,,
2012/11/09,20,139,12,,,,,
2012/11/09,21,146,10,,,,,
2012/11/09,22,122,1,,,,,
2012/11/09,23,117,1,,,,,
2012/11/09,24,108,1,,,,,
2012/11/10,01,111,1,,,,,
2012/11/10,02,103,1,,,,,
2012/11/10,03,101,1,,,,,
2012/11/10,04,86,2,,,,,
2012/11/10,05,66,2,,,,,
2012/11/10,06,68,3,,,,,
2012/11/10,07,119,2,,,,,
2012/11/10,08,126,6,,,,,
2012/11/10,09,154,6,,,,,
2012/11/10,10,142,3,,,,,
2012/11/10,11,140,2,,,,,
2012/11/10,12,134,2,,,,,
2012/11/10,13,136,2,,,,,
2012/11/10,14,139,2,,,,,
2012/11/10,15,142,2,,,,,
2012/11/10,16,140,5,,,,,
2012/11/10,17,141,2,,,,,
2012/11/10,18,134,2,,,,,
2012/11/10,19,134,1,,,,,
2012/11/10,20,128,1,,,,,
2012/11/10,21,137,1,,,,,
2012/11/10,22,120,1,,,,,
2012/11/10,23,116,1,,,,,
2012/11/10,24,107,1,,,,,
2012/11/11,01,108,1,,,,,
2012/11/11,02,105,1,,,,,
2012/11/11,03,99,2,,,,,
2012/11/11,04,81,2,,,,,
2012/11/11,05,68,3,,,,,
2012/11/11,06,69,2,,,,,
2012/11/11,07,109,1,,,,,
2012/11/11,08,126,3,,,,,
2012/11/11,09,163,20,,,,,
2012/11/11,10,146,7,,,,,
2012/11/11,11,137,7,,,,,
2012/11/11,12,137,7,,,,,
2012/11/11,13,137,6,,,,,
2012/11/11,14,137,6,,,,,
2012/11/11,15,137,2,,,,,
2012/11/11,16,132,2,,,,,
2012/11/11,17,137,2,,,,,
2012/11/11,18,129,1,,,,,
2012/11/11,19,133,1,,,,,
2012/11/11,20,119,1,,,,,
2012/11/11,21,127,1,,,,,
2012/11/11,22,113,1,,,,,
2012/11/11,23,119,17,,,,,
2012/11/11,24,102,1,,,,,
2012/11/12,01,105,1,,,,,
2012/11/12,02,100,1,,,,,
2012/11/12,03,102,2,,,,,
2012/11/12,04,86,2,,,,,
2012/11/12,05,67,2,,,,,
2012/11/12,06,66,2,,,,,
2012/11/12,07,110,2,,,,,
2012/11/12,08,121,6,,,,,
2012/11/12,09,150,7,,,,,
2012/11/12,10,142,7,,,,,
2012/11/12,11,136,7,,,,,
2012/11/12,12,131,7,,,,,
2012/11/12,13,135,7,,,,,
2012/11/12,14,134,6,,,,,
2012/11/12,15,146,10,,,,,
2012/11/12,16,141,14,,,,,
2012/11/12,17,146,14,,,,,
2012/11/12,18,140,14,,,,,
2012/11/12,19,145,17,,,,,
2012/11/12,20,144,19,,,,,
2012/11/12,21,155,19,,,,,
2012/11/12,22,114,1,,,,,
2012/11/12,23,108,1,,,,,
2012/11/12,24,105,1,,,,,
2012/11/13,01,107,1,,,,,
2012/11/13,02,101,1,,,,,
2012/11/13,03,102,1,,,,,
2012/11/13,04,86,3,,,,,
2012/11/13,05,69,3,,,,,
2012/11/13,06,65,2,,,,,
2012/11/13,07,104,1,,,,,
2012/11/13,08,122,5,,,,,
2012/11/13,09,150,7,,,,,
2012/11/13,10,143,6,,,,,
2012/11/13,11,139,7,,,,,
2012/11/13,12,137,7,,,,,
2012/11/13,13,141,7,,,,,
2012/11/13,14,139,6,,,,,
2012/11/13,15,147,7,,,,,
2012/11/13,16,142,7,,,,,
2012/11/13,17,142,7,,,,,
2012/11/13,18,137,7,,,,,
2012/11/13,19,139,7,,,,,
2012/11/13,20,131,6,,,,,
2012/11/13,21,128,2,,,,,
2012/11/13,22,116,1,,,,,
2012/11/13,23,105,1,,,,,
2012/11/13,24,102,1,,,,,
2012/11/14,01,105,1,,,,,
2012/11/14,02,101,1,,,,,
2012/11/14,03,98,2,,,,,
2012/11/14,04,70,3,,,,,
2012/11/14,05,61,2,,,,,
2012/11/14,06,63,2,,,,,
2012/11/14,07,101,1,,,,,
2012/11/14,08,124,5,,,,,
2012/11/14,09,146,7,,,,,
2012/11/14,10,139,7,,,,,
2012/11/14,11,138,8,,,,,
2012/11/14,12,132,7,,,,,
2012/11/14,13,136,6,,,,,
2012/11/14,14,134,6,,,,,
2012/11/14,15,142,6,,,,,
2012/11/14,16,134,6,,,,,
2012/11/14,17,140,6,,,,,
2012/11/14,18,135,6,,,,,
2012/11/14,19,138,7,,,,,
2012/11/14,20,129,6,,,,,
2012/11/14,21,139,7,,,,,
2012/11/14,22,123,6,,,,,
2012/11/14,23,117,6,,,,,
2012/11/14,24,104,1,,,,,
2012/11/15,01,107,1,,,,,
2012/11/15,02,101,1,,,,,
2012/11/15,03,101,2,,,,,
2012/11/15,04,73,2,,,,,
2012/11/15,05,58,2,,,,,
2012/11/15,06,59,2,,,,,
2012/11/15,07,106,1,,,,,
2012/11/15,08,123,6,,,,,
2012/11/15,09,151,7,,,,,
2012/11/15,10,145,10,,,,,
2012/11/15,11,151,21,,,,,
2012/11/15,12,152,19,,,,,
2012/11/15,13,145,16,,,,,
2012/11/15,14,142,12,,,,,
2012/11/15,15,150,13,,,,,
2012/11/15,16,143,13,,,,,
2012/11/15,17,154,13,,,,,
2012/11/15,18,146,12,,,,,
2012/11/15,19,147,13,,,,,
2012/11/15,20,140,12,,,,,
2012/11/15,21,147,12,,,,,
2012/11/15,22,123,1,,,,,
2012/11/15,23,112,1,,,,,
2012/11/15,24,106,1,,,,,
2012/11/16,01,109,1,,,,,
2012/11/16,02,102,1,,,,,
2012/11/16,03,101,2,,,,,
2012/11/16,04,76,2,,,,,
2012/11/16,05,64,2,,,,,
2012/11/16,06,64,2,,,,,
2012/11/16,07,105,1,,,,,
2012/11/16,08,128,6,,,,,
2012/11/16,09,150,7,,,,,
2012/11/16,10,141,7,,,,,
2012/11/16,11,156,22,,,,,
2012/11/16,12,153,20,,,,,
2012/11/16,13,152,17,,,,,
2012/11/16,14,152,16,,,,,
2012/11/16,15,158,16,,,,,
2012/11/16,16,152,16,,,,,
2012/11/16,17,155,17,,,,,
2012/11/16,18,149,18,,,,,
2012/11/16,19,150,18,,,,,
2012/11/16,20,144,18,,,,,
2012/11/16,21,151,14,,,,,
2012/11/16,22,119,1,,,,,
2012/11/16,23,113,1,,,,,
2012/11/16,24,108,1,,,,,
2012/11/17,01,107,1,,,,,
2012/11/17,02,102,1,,,,,
2012/11/17,03,104,2,,,,,
2012/11/17,04,81,2,,,,,
2012/11/17,05,64,2,,,,,
2012/11/17,06,63,2,,,,,
2012/11/17,07,112,1,,,,,
2012/11/17,08,123,6,,,,,
2012/11/17,09,154,7,,,,,
2012/11/17,10,142,7,,,,,
2012/11/17,11,142,7,,,,,
2012/11/17,12,138,6,,,,,
2012/11/17,13,139,6,,,,,
2012/11/17,14,139,5,,,,,
2012/11/17,15,140,2,,,,,
2012/11/17,16,136,1,,,,,
2012/11/17,17,140,1,,,,,
2012/11/17,18,132,1,,,,,
2012/11/17,19,131,1,,,,,
2012/11/17,20,122,1,,,,,
2012/11/17,21,128,1,,,,,
2012/11/17,22,116,1,,,,,
2012/11/17,23,107,1,,,,,
2012/11/17,24,105,1,,,,,
2012/11/18,01,108,1,,,,,
2012/11/18,02,103,1,,,,,
2012/11/18,03,99,2,,,,,
2012/11/18,04,74,2,,,,,
2012/11/18,05,57,2,,,,,
2012/11/18,06,59,2,,,,,
2012/11/18,07,103,1,,,,,
2012/11/18,08,126,5,,,,,
2012/11/18,09,156,7,,,,,
2012/11/18,10,144,7,,,,,
2012/11/18,11,160,20,,,,,
2012/11/18,12,155,15,,,,,
2012/11/18,13,148,13,,,,,
2012/11/18,14,154,14,,,,,
2012/11/18,15,157,12,,,,,
2012/11/18,16,150,15,,,,,
2012/11/18,17,151,14,,,,,
2012/11/18,18,150,16,,,,,
2012/11/18,19,149,15,,,,,
2012/11/18,20,140,16,,,,,
2012/11/18,21,142,13,,,,,
2012/11/18,22,116,1,,,,,
2012/11/18,23,110,1,,,,,
2012/11/18,24,105,1,,,,,
2012/11/19,01,107,1,,,,,
2012/11/19,02,102,1,,,,,
2012/11/19,03,102,2,,,,,
2012/11/19,04,81,2,,,,,
2012/11/19,05,64,2,,,,,
2012/11/19,06,66,2,,,,,
2012/11/19,07,109,2,,,,,
2012/11/19,08,128,7,,,,,
2012/11/19,09,154,7,,,,,
2012/11/19,10,141,6,,,,,
2012/11/19,11,141,6,,,,,
2012/11/19,12,150,19,,,,,
2012/11/19,13,152,17,,,,,
2012/11/19,14,152,14,,,,,
2012/11/19,15,154,15,,,,,
2012/11/19,16,152,18,,,,,
2012/11/19,17,155,17,,,,,
2012/11/19,18,145,14,,,,,
2012/11/19,19,147,15,,,,,
2012/11/19,20,138,15,,,,,
2012/11/19,21,146,13,,,,,
2012/11/19,22,121,2,,,,,
2012/11/19,23,119,9,,,,,
2012/11/19,24,108,2,,,,,
2012/11/20,01,108,1,,,,,
2012/11/20,02,102,1,,,,,
2012/11/20,03,103,2,,,,,
2012/11/20,04,82,2,,,,,
2012/11/20,05,74,2,,,,,
2012/11/20,06,74,2,,,,,
2012/11/20,07,110,2,,,,,
2012/11/20,08,129,5,,,,,
2012/11/20,09,152,7,,,,,
2012/11/20,10,146,6,,,,,
2012/11/20,11,147,6,,,,,
2012/11/20,12,142,6,,,,,
2012/11/20,13,143,6,,,,,
2012/11/20,14,141,6,,,,,
2012/11/20,15,152,6,,,,,
2012/11/20,16,145,6,,,,,
2012/11/20,17,146,6,,,,,
2012/11/20,18,137,6,,,,,
2012/11/20,19,136,6,,,,,
2012/11/20,20,134,6,,,,,
2012/11/20,21,142,6,,,,,
2012/11/20,22,124,5,,,,,
2012/11/20,23,107,1,,,,,
2012/11/20,24,105,1,,,,,
2012/11/21,01,108,1,,,,,
2012/11/21,02,103,1,,,,,
2012/11/21,03,98,2,,,,,
2012/11/21,04,72,2,,,,,
2012/11/21,05,61,2,,,,,
2012/11/21,06,62,2,,,,,
2012/11/21,07,104,1,,,,,
2012/11/21,08,125,5,,,,,
2012/11/21,09,154,7,,,,,
2012/11/21,10,142,7,,,,,
2012/11/21,11,142,8,,,,,
2012/11/21,12,139,7,,,,,
2012/11/21,13,138,6,,,,,
2012/11/21,14,140,6,,,,,
2012/11/21,15,145,6,,,,,
2012/11/21,16,140,6,,,,,
2012/11/21,17,145,6,,,,,
2012/11/21,18,137,6,,,,,
2012/11/21,19,135,6,,,,,
2012/11/21,20,126,4,,,,,
2012/11/21,21,130,1,,,,,
2012/11/21,22,117,1,,,,,
2012/11/21,23,110,1,,,,,
2012/11/21,24,108,1,,,,,
2012/11/22,01,109,1,,,,,
2012/11/22,02,104,1,,,,,
2012/11/22,03,101,2,,,,,
2012/11/22,04,72,2,,,,,
2012/11/22,05,62,2,,,,,
2012/11/22,06,61,2,,,,,
2012/11/22,07,105,1,,,,,
2012/11/22,08,125,4,,,,,
2012/11/22,09,151,7,,,,,
2012/11/22,10,148,7,,,,,
2012/11/22,11,160,22,,,,,
2012/11/22,12,155,19,,,,,
2012/11/22,13,157,18,,,,,
2012/11/22,14,152,14,,,,,
2012/11/22,15,159,13,,,,,
2012/11/22,16,154,14,,,,,
2012/11/22,17,157,15,,,,,
2012/11/22,18,149,15,,,,,
2012/11/22,19,146,13,,,,,
2012/11/22,20,142,13,,,,,
2012/11/22,21,149,16,,,,,
2012/11/22,22,121,3,,,,,
2012/11/22,23,111,1,,,,,
2012/11/22,24,108,1,,,,,
2012/11/23,01,109,1,,,,,
2012/11/23,02,104,1,,,,,
2012/11/23,03,102,2,,,,,
2012/11/23,04,78,2,,,,,
2012/11/23,05,63,2,,,,,
2012/11/23,06,67,2,,,,,
2012/11/23,07,106,1,,,,,
2012/11/23,08,125,4,,,,,
2012/11/23,09,153,7,,,,,
2012/11/23,10,143,6,,,,,
2012/11/23,11,141,7,,,,,
2012/11/23,12,155,22,,,,,
2012/11/23,13,150,14,,,,,
2012/11/23,14,151,14,,,,,
2012/11/23,15,156,14,,,,,
2012/11/23,16,151,17,,,,,
2012/11/23,17,155,14,,,,,
2012/11/23,18,146,13,,,,,
2012/11/23,19,149,16,,,,,
2012/11/23,20,140,14,,,,,
2012/11/23,21,151,14,,,,,
2012/11/23,22,123,5,,,,,
2012/11/23,23,116,4,,,,,
2012/11/23,24,105,1,,,,,
2012/11/24,01,110,1,,,,,
2012/11/24,02,103,1,,,,,
2012/11/24,03,104,2,,,,,
2012/11/24,04,80,2,,,,,
2012/11/24,05,63,2,,,,,
2012/11/24,06,64,2,,,,,
2012/11/24,07,102,1,,,,,
2012/11/24,08,126,5,,,,,
2012/11/24,09,154,7,,,,,
2012/11/24,10,142,7,,,,,
2012/11/24,11,143,7,,,,,
2012/11/24,12,141,7,,,,,
2012/11/24,13,136,6,,,,,
2012/11/24,14,142,5,,,,,
2012/11/24,15,143,2,,,,,
2012/11/24,16,135,2,,,,,
2012/11/24,17,134,2,,,,,
2012/11/24,18,129,2,,,,,
2012/11/24,19,126,2,,,,,
2012/11/24,20,121,2,,,,,
2012/11/24,21,136,5,,,,,
2012/11/24,22,126,6,,,,,
2012/11/24,23,110,1,,,,,
2012/11/24,24,105,1,,,,,
2012/11/25,01,106,1,,,,,
2012/11/25,02,102,1,,,,,
2012/11/25,03,97,2,,,,,
2012/11/25,04,74,2,,,,,
2012/11/25,05,64,1,,,,,
2012/11/25,06,67,3,,,,,
2012/11/25,07,105,1,,,,,
2012/11/25,08,123,4,,,,,
2012/11/25,09,151,7,,,,,
2012/11/25,10,142,6,,,,,
2012/11/25,11,141,7,,,,,
2012/11/25,12,140,7,,,,,
2012/11/25,13,135,6,,,,,
2012/11/25,14,136,6,,,,,
2012/11/25,15,131,6,,,,,
2012/11/25,16,123,6,,,,,
2012/11/25,17,126,6,,,,,
2012/11/25,18,119,1,,,,,
2012/11/25,19,108,1,,,,,
2012/11/25,20,79,1,,,,,
2012/11/25,21,72,1,,,,,
2012/11/25,22,83,1,,,,,
2012/11/25,23,65,1,,,,,
2012/11/25,24,61,1,,,,,
2012/11/26,01,51,1,,,,,
2012/11/26,02,48,1,,,,,
2012/11/26,03,76,1,,,,,
2012/11/26,04,63,2,,,,,
2012/11/26,05,47,2,,,,,
2012/11/26,06,47,3,,,,,
2012/11/26,07,47,3,,,,,
2012/11/26,08,47,3,,,,,
2012/11/26,09,36,2,,,,,
2012/11/26,10,142,7,,,,,
2012/11/26,11,144,6,,,,,
2012/11/26,12,140,6,,,,,
2012/11/26,13,138,6,,,,,
2012/11/26,14,146,5,,,,,
2012/11/26,15,142,5,,,,,
2012/11/26,16,132,5,,,,,
2012/11/26,17,135,5,,,,,
2012/11/26,18,121,1,,,,,
2012/11/26,19,114,1,,,,,
2012/11/26,20,75,1,,,,,
2012/11/26,21,95,1,,,,,
2012/11/26,22,84,1,,,,,
2012/11/26,23,81,2,,,,,
2012/11/26,24,78,2,,,,,
2012/11/27,01,83,2,,,,,
2012/11/27,02,80,2,,,,,
2012/11/27,03,73,3,,,,,
2012/11/27,04,62,2,,,,,
2012/11/27,05,68,2,,,,,
2012/11/27,06,75,2,,,,,
2012/11/27,07,99,2,,,,,
2012/11/27,08,144,6,,,,,
2012/11/27,09,144,7,,,,,
2012/11/27,10,168,9,,,,,
2012/11/27,11,169,10,,,,,
2012/11/27,12,159,10,,,,,
2012/11/27,13,156,10,,,,,
2012/11/27,14,157,10,,,,,
2012/11/27,15,167,10,,,,,
2012/11/27,16,161,10,,,,,
2012/11/27,17,160,10,,,,,
2012/11/27,18,154,10,,,,,
2012/11/27,19,153,10,,,,,
2012/11/27,20,150,10,,,,,
2012/11/27,21,155,9,,,,,
2012/11/27,22,137,5,,,,,
2012/11/27,23,134,6,,,,,
2012/11/27,24,123,4,,,,,
2012/11/28,01,115,1,,,,,
2012/11/28,02,113,1,,,,,
2012/11/28,03,102,2,,,,,
2012/11/28,04,75,2,,,,,
2012/11/28,05,59,2,,,,,
2012/11/28,06,61,2,,,,,
2012/11/28,07,114,1,,,,,
2012/11/28,08,135,4,,,,,
2012/11/28,09,164,7,,,,,
2012/11/28,10,154,7,,,,,
2012/11/28,11,149,7,,,,,
2012/11/28,12,145,6,,,,,
2012/11/28,13,150,6,,,,,
2012/11/28,14,144,6,,,,,
2012/11/28,15,154,6,,,,,
2012/11/28,16,148,6,,,,,
2012/11/28,17,151,7,,,,,
2012/11/28,18,141,6,,,,,
2012/11/28,19,148,6,,,,,
2012/11/28,20,139,6,,,,,
2012/11/28,21,137,1,,,,,
2012/11/28,22,124,1,,,,,
2012/11/28,23,117,1,,,,,
2012/11/28,24,115,1,,,,,
2012/11/29,01,116,1,,,,,
2012/11/29,02,112,1,,,,,
2012/11/29,03,100,2,,,,,
2012/11/29,04,73,2,,,,,
2012/11/29,05,57,2,,,,,
2012/11/29,06,59,2,,,,,
2012/11/29,07,112,1,,,,,
2012/11/29,08,135,11,,,,,
2012/11/29,09,158,14,,,,,
2012/11/29,10,145,6,,,,,
2012/11/29,11,147,6,,,,,
2012/11/29,12,151,14,,,,,
2012/11/29,13,159,14,,,,,
2012/11/29,14,157,14,,,,,
2012/11/29,15,163,14,,,,,
2012/11/29,16,155,14,,,,,
2012/11/29,17,161,14,,,,,
2012/11/29,18,157,14,,,,,
2012/11/29,19,154,14,,,,,
2012/11/29,20,146,14,,,,,
2012/11/29,21,148,10,,,,,
2012/11/29,22,127,6,,,,,
2012/11/29,23,127,12,,,,,
2012/11/29,24,114,3,,,,,
2012/11/30,01,115,1,,,,,
2012/11/30,02,110,1,,,,,
2012/11/30,03,103,2,,,,,
2012/11/30,04,77,3,,,,,
2012/11/30,05,65,2,,,,,
2012/11/30,06,67,2,,,,,
2012/11/30,07,113,1,,,,,
2012/11/30,08,131,5,,,,,
2012/11/30,09,162,7,,,,,
2012/11/30,10,152,6,,,,,
2012/11/30,11,167,24,,,,,
2012/11/30,12,161,20,,,,,
2012/11/30,13,161,19,,,,,
2012/11/30,14,157,16,,,,,
2012/11/30,15,166,17,,,,,
2012/11/30,16,160,15,,,,,
2012/11/30,17,160,13,,,,,
2012/11/30,18,155,13,,,,,
2012/11/30,19,157,16,,,,,
2012/11/30,20,149,16,,,,,
2012/11/30,21,156,14,,,,,
2012/11/30,22,133,6,,,,,
2012/11/30,23,126,6,,,,,
2012/11/30,24,114,1,,,,,
2012/12/01,01,114,1,,,,,
2012/12/01,02,109,1,,,,,
2012/12/01,03,102,1,,,,,
2012/12/01,04,78,2,,,,,
2012/12/01,05,64,2,,,,,
2012/12/01,06,68,2,,,,,
2012/12/01,07,117,1,,,,,
2012/12/01,08,137,6,,,,,
2012/12/01,09,153,6,,,,,
2012/12/01,10,153,6,,,,,
2012/12/01,11,151,7,,,,,
2012/12/01,12,146,7,,,,,
2012/12/01,13,150,6,,,,,
2012/12/01,14,149,6,,,,,
2012/12/01,15,158,6,,,,,
2012/12/01,16,163,17,,,,,
2012/12/01,17,167,21,,,,,
2012/12/01,18,159,20,,,,,
2012/12/01,19,157,20,,,,,
2012/12/01,20,151,20,,,,,
2012/12/01,21,163,19,,,,,
2012/12/01,22,129,6,,,,,
2012/12/01,23,124,5,,,,,
2012/12/01,24,112,1,,,,,
2012/12/02,01,116,1,,,,,
2012/12/02,02,112,1,,,,,
2012/12/02,03,105,1,,,,,
2012/12/02,04,81,2,,,,,
2012/12/02,05,65,2,,,,,
2012/12/02,06,70,2,,,,,
2012/12/02,07,113,1,,,,,
2012/12/02,08,131,1,,,,,
2012/12/02,09,153,6,,,,,
2012/12/02,10,150,7,,,,,
2012/12/02,11,144,7,,,,,
2012/12/02,12,153,7,,,,,
2012/12/02,13,148,7,,,,,
2012/12/02,14,149,7,,,,,
2012/12/02,15,156,7,,,,,
2012/12/02,16,150,7,,,,,
2012/12/02,17,156,7,,,,,
2012/12/02,18,149,7,,,,,
2012/12/02,19,150,7,,,,,
2012/12/02,20,139,7,,,,,
2012/12/02,21,140,2,,,,,
2012/12/02,22,122,2,,,,,
2012/12/02,23,114,1,,,,,
2012/12/02,24,109,1,,,,,
2012/12/03,01,111,1,,,,,
2012/12/03,02,107,1,,,,,
2012/12/03,03,104,2,,,,,
2012/12/03,04,77,2,,,,,
2012/12/03,05,63,2,,,,,
2012/12/03,06,67,3,,,,,
2012/12/03,07,109,1,,,,,
2012/12/03,08,128,1,,,,,
2012/12/03,09,155,6,,,,,
2012/12/03,10,150,8,,,,,
2012/12/03,11,143,7,,,,,
2012/12/03,12,144,7,,,,,
2012/12/03,13,146,6,,,,,
2012/12/03,14,145,6,,,,,
2012/12/03,15,151,6,,,,,
2012/12/03,16,148,6,,,,,
2012/12/03,17,145,6,,,,,
2012/12/03,18,145,6,,,,,
2012/12/03,19,143,6,,,,,
2012/12/03,20,135,6,,,,,
2012/12/03,21,147,6,,,,,
2012/12/03,22,128,6,,,,,
2012/12/03,23,122,6,,,,,
2012/12/03,24,121,6,,,,,
2012/12/04,01,119,4,,,,,
2012/12/04,02,109,1,,,,,
2012/12/04,03,100,2,,,,,
2012/12/04,04,71,2,,,,,
2012/12/04,05,62,2,,,,,
2012/12/04,06,65,2,,,,,
2012/12/04,07,113,1,,,,,
2012/12/04,08,138,6,,,,,
2012/12/04,09,159,7,,,,,
2012/12/04,10,152,7,,,,,
2012/12/04,11,151,10,,,,,
2012/12/04,12,166,24,,,,,
2012/12/04,13,168,21,,,,,
2012/12/04,14,161,20,,,,,
2012/12/04,15,171,20,,,,,
2012/12/04,16,166,19,,,,,
2012/12/04,17,169,17,,,,,
2012/12/04,18,161,18,,,,,
2012/12/04,19,156,17,,,,,
2012/12/04,20,151,17,,,,,
2012/12/04,21,162,16,,,,,
2012/12/04,22,133,6,,,,,
2012/12/04,23,134,12,,,,,
2012/12/04,24,117,7,,,,,
2012/12/05,01,114,1,,,,,
2012/12/05,02,109,1,,,,,
2012/12/05,03,103,2,,,,,
2012/12/05,04,72,2,,,,,
2012/12/05,05,65,1,,,,,
2012/12/05,06,69,2,,,,,
2012/12/05,07,123,3,,,,,
2012/12/05,08,130,6,,,,,
2012/12/05,09,161,7,,,,,
2012/12/05,10,148,8,,,,,
2012/12/05,11,146,7,,,,,
2012/12/05,12,146,7,,,,,
2012/12/05,13,142,7,,,,,
2012/12/05,14,146,6,,,,,
2012/12/05,15,153,6,,,,,
2012/12/05,16,145,6,,,,,
2012/12/05,17,148,6,,,,,
2012/12/05,18,144,6,,,,,
2012/12/05,19,144,7,,,,,
2012/12/05,20,137,6,,,,,
2012/12/05,21,134,2,,,,,
2012/12/05,22,120,1,,,,,
2012/12/05,23,114,1,,,,,
2012/12/05,24,110,1,,,,,
2012/12/06,01,113,1,,,,,
2012/12/06,02,108,1,,,,,
2012/12/06,03,102,2,,,,,
2012/12/06,04,71,2,,,,,
2012/12/06,05,61,2,,,,,
2012/12/06,06,63,3,,,,,
2012/12/06,07,115,2,,,,,
2012/12/06,08,131,6,,,,,
2012/12/06,09,153,6,,,,,
2012/12/06,10,151,7,,,,,
2012/12/06,11,146,6,,,,,
2012/12/06,12,149,7,,,,,
2012/12/06,13,149,8,,,,,
2012/12/06,14,149,6,,,,,
2012/12/06,15,152,6,,,,,
2012/12/06,16,142,3,,,,,
2012/12/06,17,149,1,,,,,
2012/12/06,18,137,1,,,,,
2012/12/06,19,137,1,,,,,
2012/12/06,20,131,1,,,,,
2012/12/06,21,138,1,,,,,
2012/12/06,22,121,1,,,,,
2012/12/06,23,113,1,,,,,
2012/12/06,24,110,1,,,,,
2012/12/07,01,113,1,,,,,
2012/12/07,02,107,1,,,,,
2012/12/07,03,101,2,,,,,
2012/12/07,04,78,2,,,,,
2012/12/07,05,64,2,,,,,
2012/12/07,06,69,3,,,,,
2012/12/07,07,113,1,,,,,
2012/12/07,08,128,4,,,,,
2012/12/07,09,156,7,,,,,
2012/12/07,10,152,7,,,,,
2012/12/07,11,148,8,,,,,
2012/12/07,12,168,25,,,,,
2012/12/07,13,161,20,,,,,
2012/12/07,14,162,18,,,,,
2012/12/07,15,162,18,,,,,
2012/12/07,16,162,19,,,,,
2012/12/07,17,163,18,,,,,
2012/12/07,18,156,17,,,,,
2012/12/07,19,154,17,,,,,
2012/12/07,20,151,17,,,,,
2012/12/07,21,159,17,,,,,
2012/12/07,22,130,6,,,,,
2012/12/07,23,120,4,,,,,
2012/12/07,24,110,1,,,,,
2012/12/08,01,113,1,,,,,
2012/12/08,02,109,1,,,,,
2012/12/08,03,104,1,,,,,
2012/12/08,04,79,2,,,,,
2012/12/08,05,64,2,,,,,
2012/12/08,06,68,2,,,,,
2012/12/08,07,112,1,,,,,
2012/12/08,08,131,5,,,,,
2012/12/08,09,158,7,,,,,
2012/12/08,10,150,7,,,,,
2012/12/08,11,148,8,,,,,
2012/12/08,12,143,7,,,,,
2012/12/08,13,146,7,,,,,
2012/12/08,14,150,7,,,,,
2012/12/08,15,150,7,,,,,
2012/12/08,16,140,7,,,,,
2012/12/08,17,142,7,,,,,
2012/12/08,18,138,6,,,,,
2012/12/08,19,141,6,,,,,
2012/12/08,20,135,6,,,,,
2012/12/08,21,145,6,,,,,
2012/12/08,22,133,6,,,,,
2012/12/08,23,120,4,,,,,
2012/12/08,24,110,2,,,,,
2012/12/09,01,113,1,,,,,
2012/12/09,02,108,1,,,,,
2012/12/09,03,97,3,,,,,
2012/12/09,04,75,2,,,,,
2012/12/09,05,66,3,,,,,
2012/12/09,06,66,2,,,,,
2012/12/09,07,110,1,,,,,
2012/12/09,08,129,1,,,,,
2012/12/09,09,149,2,,,,,
2012/12/09,10,142,2,,,,,
2012/12/09,11,164,25,,,,,
2012/12/09,12,153,16,,,,,
2012/12/09,13,159,16,,,,,
2012/12/09,14,158,16,,,,,
2012/12/09,15,164,16,,,,,
2012/12/09,16,157,16,,,,,
2012/12/09,17,158,14,,,,,
2012/12/09,18,152,14,,,,,
2012/12/09,19,156,14,,,,,
2012/12/09,20,144,14,,,,,
2012/12/09,21,152,13,,,,,
2012/12/09,22,121,1,,,,,
2012/12/09,23,115,3,,,,,
2012/12/09,24,112,2,,,,,
2012/12/10,01,114,1,,,,,
2012/12/10,02,108,1,,,,,
2012/12/10,03,103,2,,,,,
2012/12/10,04,77,2,,,,,
2012/12/10,05,64,2,,,,,
2012/12/10,06,69,2,,,,,
2012/12/10,07,114,1,,,,,
2012/12/10,08,132,5,,,,,
2012/12/10,09,157,6,,,,,
2012/12/10,10,155,10,,,,,
2012/12/10,11,166,28,,,,,
2012/12/10,12,161,22,,,,,
2012/12/10,13,163,20,,,,,
2012/12/10,14,160,19,,,,,
2012/12/10,15,166,17,,,,,
2012/12/10,16,162,18,,,,,
2012/12/10,17,163,17,,,,,
2012/12/10,18,159,18,,,,,
2012/12/10,19,155,18,,,,,
2012/12/10,20,151,18,,,,,
2012/12/10,21,158,17,,,,,
2012/12/10,22,131,7,,,,,
2012/12/10,23,128,14,,,,,
2012/12/10,24,112,1,,,,,
2012/12/11,01,112,1,,,,,
2012/12/11,02,108,1,,,,,
2012/12/11,03,100,2,,,,,
2012/12/11,04,71,3,,,,,
2012/12/11,05,64,2,,,,,
2012/12/11,06,69,3,,,,,
2012/12/11,07,120,1,,,,,
2012/12/11,08,129,2,,,,,
2012/12/11,09,154,3,,,,,
2012/12/11,10,153,7,,,,,
2012/12/11,11,162,23,,,,,
2012/12/11,12,159,16,,,,,
2012/12/11,13,159,14,,,,,
2012/12/11,14,157,16,,,,,
2012/12/11,15,170,21,,,,,
2012/12/11,16,165,20,,,,,
2012/12/11,17,170,20,,,,,
2012/12/11,18,158,18,,,,,
2012/12/11,19,155,18,,,,,
2012/12/11,20,151,18,,,,,
2012/12/11,21,161,15,,,,,
2012/12/11,22,127,2,,,,,
2012/12/11,23,117,1,,,,,
2012/12/11,24,112,1,,,,,
2012/12/12,01,114,1,,,,,
2012/12/12,02,110,1,,,,,
2012/12/12,03,100,3,,,,,
2012/12/12,04,71,2,,,,,
2012/12/12,05,56,2,,,,,
2012/12/12,06,59,2,,,,,
2012/12/12,07,119,2,,,,,
2012/12/12,08,127,6,,,,,
2012/12/12,09,161,7,,,,,
2012/12/12,10,148,7,,,,,
2012/12/12,11,143,7,,,,,
2012/12/12,12,145,7,,,,,
2012/12/12,13,143,6,,,,,
2012/12/12,14,145,6,,,,,
2012/12/12,15,152,6,,,,,
2012/12/12,16,149,8,,,,,
2012/12/12,17,170,29,,,,,
2012/12/12,18,159,24,,,,,
2012/12/12,19,163,23,,,,,
2012/12/12,20,154,20,,,,,
2012/12/12,21,151,13,,,,,
2012/12/12,22,121,1,,,,,
2012/12/12,23,113,1,,,,,
2012/12/12,24,110,1,,,,,
2012/12/13,01,113,1,,,,,
2012/12/13,02,109,1,,,,,
2012/12/13,03,102,2,,,,,
2012/12/13,04,72,3,,,,,
2012/12/13,05,63,2,,,,,
2012/12/13,06,66,2,,,,,
2012/12/13,07,110,1,,,,,
2012/12/13,08,130,5,,,,,
2012/12/13,09,155,6,,,,,
2012/12/13,10,149,6,,,,,
2012/12/13,11,147,6,,,,,
2012/12/13,12,164,26,,,,,
2012/12/13,13,167,22,,,,,
2012/12/13,14,161,21,,,,,
2012/12/13,15,170,22,,,,,
2012/12/13,16,154,15,,,,,
2012/12/13,17,160,14,,,,,
2012/12/13,18,153,14,,,,,
2012/12/13,19,156,14,,,,,
2012/12/13,20,147,14,,,,,
2012/12/13,21,153,14,,,,,
2012/12/13,22,120,1,,,,,
2012/12/13,23,117,1,,,,,
2012/12/13,24,110,1,,,,,
2012/12/14,01,112,1,,,,,
2012/12/14,02,106,1,,,,,
2012/12/14,03,102,1,,,,,
2012/12/14,04,67,3,,,,,
2012/12/14,05,61,3,,,,,
2012/12/14,06,60,2,,,,,
2012/12/14,07,120,2,,,,,
2012/12/14,08,127,6,,,,,
2012/12/14,09,155,7,,,,,
2012/12/14,10,148,7,,,,,
2012/12/14,11,145,7,,,,,
2012/12/14,12,147,7,,,,,
2012/12/14,13,150,7,,,,,
2012/12/14,14,150,7,,,,,
2012/12/14,15,156,7,,,,,
2012/12/14,16,146,7,,,,,
2012/12/14,17,149,7,,,,,
2012/12/14,18,145,6,,,,,
2012/12/14,19,143,6,,,,,
2012/12/14,20,137,6,,,,,
2012/12/14,21,150,6,,,,,
2012/12/14,22,128,6,,,,,
2012/12/14,23,118,4,,,,,
2012/12/14,24,111,1,,,,,
2012/12/15,01,112,1,,,,,
2012/12/15,02,107,1,,,,,
2012/12/15,03,100,1,,,,,
2012/12/15,04,63,3,,,,,
2012/12/15,05,63,2,,,,,
2012/12/15,06,68,2,,,,,
2012/12/15,07,121,3,,,,,
2012/12/15,08,126,5,,,,,
2012/12/15,09,157,6,,,,,
2012/12/15,10,146,7,,,,,
2012/12/15,11,145,7,,,,,
2012/12/15,12,143,7,,,,,
2012/12/15,13,147,8,,,,,
2012/12/15,14,146,6,,,,,
2012/12/15,15,152,6,,,,,
2012/12/15,16,143,6,,,,,
2012/12/15,17,144,6,,,,,
2012/12/15,18,140,6,,,,,
2012/12/15,19,142,6,,,,,
2012/12/15,20,136,6,,,,,
2012/12/15,21,150,6,,,,,
2012/12/15,22,129,6,,,,,
2012/12/15,23,114,1,,,,,
2012/12/15,24,109,1,,,,,
2012/12/16,01,113,1,,,,,
2012/12/16,02,109,1,,,,,
2012/12/16,03,103,3,,,,,
2012/12/16,04,75,3,,,,,
2012/12/16,05,64,3,,,,,
2012/12/16,06,64,3,,,,,
2012/12/16,07,110,1,,,,,
2012/12/16,08,128,5,,,,,
2012/12/16,09,149,6,,,,,
2012/12/16,10,148,6,,,,,
2012/12/16,11,145,6,,,,,
2012/12/16,12,145,7,,,,,
2012/12/16,13,150,8,,,,,
2012/12/16,14,147,7,,,,,
2012/12/16,15,153,7,,,,,
2012/12/16,16,147,8,,,,,
2012/12/16,17,149,6,,,,,
2012/12/16,18,156,16,,,,,
2012/12/16,19,163,25,,,,,
2012/12/16,20,157,22,,,,,
2012/12/16,21,154,18,,,,,
2012/12/16,22,122,1,,,,,
2012/12/16,23,127,15,,,,,
2012/12/16,24,110,1,,,,,
2012/12/17,01,113,1,,,,,
2012/12/17,02,108,1,,,,,
2012/12/17,03,101,2,,,,,
2012/12/17,04,68,2,,,,,
2012/12/17,05,63,2,,,,,
2012/12/17,06,69,2,,,,,
2012/12/17,07,111,1,,,,,
2012/12/17,08,132,5,,,,,
2012/12/17,09,157,6,,,,,
2012/12/17,10,148,6,,,,,
2012/12/17,11,148,7,,,,,
2012/12/17,12,157,21,,,,,
2012/12/17,13,168,24,,,,,
2012/12/17,14,162,18,,,,,
2012/12/17,15,165,18,,,,,
2012/12/17,16,157,17,,,,,
2012/12/17,17,161,19,,,,,
2012/12/17,18,155,17,,,,,
2012/12/17,19,154,15,,,,,
2012/12/17,20,149,16,,,,,
2012/12/17,21,156,15,,,,,
2012/12/17,22,125,3,,,,,
2012/12/17,23,115,1,,,,,
2012/12/17,24,112,1,,,,,
2012/12/18,01,113,1,,,,,
2012/12/18,02,109,1,,,,,
2012/12/18,03,101,2,,,,,
2012/12/18,04,70,2,,,,,
2012/12/18,05,60,1,,,,,
2012/12/18,06,63,3,,,,,
2012/12/18,07,127,2,,,,,
2012/12/18,08,131,6,,,,,
2012/12/18,09,160,7,,,,,
2012/12/18,10,149,7,,,,,
2012/12/18,11,145,7,,,,,
2012/12/18,12,161,16,,,,,
2012/12/18,13,175,30,,,,,
2012/12/18,14,167,25,,,,,
2012/12/18,15,170,21,,,,,
2012/12/18,16,164,22,,,,,
2012/12/18,17,166,21,,,,,
2012/12/18,18,159,20,,,,,
2012/12/18,19,160,19,,,,,
2012/12/18,20,154,19,,,,,
2012/12/18,21,162,18,,,,,
2012/12/18,22,132,6,,,,,
2012/12/18,23,121,5,,,,,
2012/12/18,24,113,2,,,,,
2012/12/19,01,114,1,,,,,
2012/12/19,02,110,1,,,,,
2012/12/19,03,105,2,,,,,
2012/12/19,04,76,3,,,,,
2012/12/19,05,64,3,,,,,
2012/12/19,06,67,3,,,,,
2012/12/19,07,110,1,,,,,
2012/12/19,08,131,4,,,,,
2012/12/19,09,152,5,,,,,
2012/12/19,10,150,6,,,,,
2012/12/19,11,146,7,,,,,
2012/12/19,12,143,6,,,,,
2012/12/19,13,159,22,,,,,
2012/12/19,14,160,18,,,,,
2012/12/19,15,157,14,,,,,
2012/12/19,16,153,13,,,,,
2012/12/19,17,152,15,,,,,
2012/12/19,18,149,15,,,,,
2012/12/19,19,152,15,,,,,
2012/12/19,20,140,10,,,,,
2012/12/19,21,143,8,,,,,
2012/12/19,22,120,1,,,,,
2012/12/19,23,115,1,,,,,
2012/12/19,24,111,1,,,,,
2012/12/20,01,113,1,,,,,
2012/12/20,02,109,1,,,,,
2012/12/20,03,100,2,,,,,
2012/12/20,04,72,3,,,,,
2012/12/20,05,62,2,,,,,
2012/12/20,06,59,3,,,,,
2012/12/20,07,116,1,,,,,
2012/12/20,08,141,6,,,,,
2012/12/20,09,157,6,,,,,
2012/12/20,10,150,6,,,,,
2012/12/20,11,152,11,,,,,
2012/12/20,12,168,29,,,,,
2012/12/20,13,166,25,,,,,
2012/12/20,14,167,22,,,,,
2012/12/20,15,171,24,,,,,
2012/12/20,16,159,20,,,,,
2012/12/20,17,170,23,,,,,
2012/12/20,18,158,21,,,,,
2012/12/20,19,161,21,,,,,
2012/12/20,20,148,20,,,,,
2012/12/20,21,150,15,,,,,
2012/12/20,22,121,1,,,,,
2012/12/20,23,116,1,,,,,
2012/12/20,24,121,11,,,,,
2012/12/21,01,113,1,,,,,
2012/12/21,02,107,1,,,,,
2012/12/21,03,102,2,,,,,
2012/12/21,04,74,3,,,,,
2012/12/21,05,64,3,,,,,
2012/12/21,06,69,3,,,,,
2012/12/21,07,113,1,,,,,
2012/12/21,08,134,5,,,,,
2012/12/21,09,156,6,,,,,
2012/12/21,10,153,10,,,,,
2012/12/21,11,171,30,,,,,
2012/12/21,12,163,26,,,,,
2012/12/21,13,164,26,,,,,
2012/12/21,14,170,25,,,,,
2012/12/21,15,174,22,,,,,
2012/12/21,16,163,21,,,,,
2012/12/21,17,160,21,,,,,
2012/12/21,18,160,21,,,,,
2012/12/21,19,164,22,,,,,
2012/12/21,20,156,22,,,,,
2012/12/21,21,164,20,,,,,
2012/12/21,22,132,6,,,,,
2012/12/21,23,124,5,,,,,
2012/12/21,24,118,5,,,,,
2012/12/22,01,115,1,,,,,
2012/12/22,02,111,1,,,,,
2012/12/22,03,103,3,,,,,
2012/12/22,04,75,3,,,,,
2012/12/22,05,57,3,,,,,
2012/12/22,06,60,3,,,,,
2012/12/22,07,110,1,,,,,
2012/12/22,08,134,4,,,,,
2012/12/22,09,158,7,,,,,
2012/12/22,10,145,7,,,,,
2012/12/22,11,146,7,,,,,
2012/12/22,12,139,7,,,,,
2012/12/22,13,146,9,,,,,
2012/12/22,14,146,8,,,,,
2012/12/22,15,154,8,,,,,
2012/12/22,16,139,7,,,,,
2012/12/22,17,141,7,,,,,
2012/12/22,18,143,7,,,,,
2012/12/22,19,139,7,,,,,
2012/12/22,20,133,6,,,,,
2012/12/22,21,144,6,,,,,
2012/12/22,22,130,6,,,,,
2012/12/22,23,116,2,,,,,
2012/12/22,24,108,1,,,,,
2012/12/23,01,112,1,,,,,
2012/12/23,02,107,1,,,,,
2012/12/23,03,97,3,,,,,
2012/12/23,04,66,3,,,,,
2012/12/23,05,59,1,,,,,
2012/12/23,06,60,4,,,,,
2012/12/23,07,111,1,,,,,
2012/12/23,08,134,5,,,,,
2012/12/23,09,159,6,,,,,
2012/12/23,10,147,6,,,,,
2012/12/23,11,145,6,,,,,
2012/12/23,12,170,35,,,,,
2012/12/23,13,165,28,,,,,
2012/12/23,14,175,27,,,,,
2012/12/23,15,174,27,,,,,
2012/12/23,16,165,24,,,,,
2012/12/23,17,162,22,,,,,
2012/12/23,18,162,22,,,,,
2012/12/23,19,160,22,,,,,
2012/12/23,20,152,20,,,,,
2012/12/23,21,157,18,,,,,
2012/12/23,22,123,1,,,,,
2012/12/23,23,114,1,,,,,
2012/12/23,24,117,7,,,,,
2012/12/24,01,113,1,,,,,
2012/12/24,02,108,1,,,,,
2012/12/24,03,103,3,,,,,
2012/12/24,04,71,3,,,,,
2012/12/24,05,62,3,,,,,
2012/12/24,06,69,3,,,,,
2012/12/24,07,117,1,,,,,
2012/12/24,08,144,6,,,,,
2012/12/24,09,161,6,,,,,
2012/12/24,10,147,6,,,,,
2012/12/24,11,143,7,,,,,
2012/12/24,12,156,20,,,,,
2012/12/24,13,165,25,,,,,
2012/12/24,14,165,23,,,,,
2012/12/24,15,172,22,,,,,
2012/12/24,16,165,23,,,,,
2012/12/24,17,172,22,,,,,
2012/12/24,18,167,19,,,,,
2012/12/24,19,159,19,,,,,
2012/12/24,20,156,19,,,,,
2012/12/24,21,159,18,,,,,
2012/12/24,22,128,2,,,,,
2012/12/24,23,126,5,,,,,
2012/12/24,24,115,2,,,,,
2012/12/25,01,116,1,,,,,
2012/12/25,02,112,1,,,,,
2012/12/25,03,105,3,,,,,
2012/12/25,04,73,2,,,,,
2012/12/25,05,64,2,,,,,
2012/12/25,06,68,3,,,,,
2012/12/25,07,117,2,,,,,
2012/12/25,08,137,6,,,,,
2012/12/25,09,159,7,,,,,
2012/12/25,10,152,7,,,,,
2012/12/25,11,147,7,,,,,
2012/12/25,12,149,8,,,,,
2012/12/25,13,151,9,,,,,
2012/12/25,14,153,8,,,,,
2012/12/25,15,161,8,,,,,
2012/12/25,16,154,10,,,,,
2012/12/25,17,177,32,,,,,
2012/12/25,18,165,25,,,,,
2012/12/25,19,166,25,,,,,
2012/12/25,20,153,25,,,,,
2012/12/25,21,163,20,,,,,
2012/12/25,22,124,1,,,,,
2012/12/25,23,117,1,,,,,
2012/12/25,24,110,1,,,,,
2012/12/26,01,113,1,,,,,
2012/12/26,02,108,1,,,,,
2012/12/26,03,97,3,,,,,
2012/12/26,04,66,2,,,,,
2012/12/26,05,63,3,,,,,
2012/12/26,06,70,3,,,,,
2012/12/26,07,110,1,,,,,
2012/12/26,08,136,6,,,,,
2012/12/26,09,157,7,,,,,
2012/12/26,10,149,7,,,,,
2012/12/26,11,145,7,,,,,
2012/12/26,12,142,6,,,,,
2012/12/26,13,146,8,,,,,
2012/12/26,14,150,8,,,,,
2012/12/26,15,180,30,,,,,
2012/12/26,16,163,22,,,,,
2012/12/26,17,161,22,,,,,
2012/12/26,18,160,25,,,,,
2012/12/26,19,162,25,,,,,
2012/12/26,20,156,22,,,,,
2012/12/26,21,163,20,,,,,
2012/12/26,22,132,6,,,,,
2012/12/26,23,120,3,,,,,
2012/12/26,24,112,1,,,,,
2012/12/27,01,115,1,,,,,
2012/12/27,02,111,1,,,,,
2012/12/27,03,104,1,,,,,
2012/12/27,04,69,3,,,,,
2012/12/27,05,59,3,,,,,
2012/12/27,06,59,2,,,,,
2012/12/27,07,113,1,,,,,
2012/12/27,08,134,6,,,,,
2012/12/27,09,155,6,,,,,
2012/12/27,10,151,6,,,,,
2012/12/27,11,144,6,,,,,
2012/12/27,12,142,7,,,,,
2012/12/27,13,146,8,,,,,
2012/12/27,14,150,8,,,,,
2012/12/27,15,154,8,,,,,
2012/12/27,16,174,32,,,,,
2012/12/27,17,173,26,,,,,
2012/12/27,18,165,25,,,,,
2012/12/27,19,164,24,,,,,
2012/12/27,20,152,21,,,,,
2012/12/27,21,149,15,,,,,
2012/12/27,22,123,1,,,,,
2012/12/27,23,112,1,,,,,
2012/12/27,24,116,8,,,,,
2012/12/28,01,112,1,,,,,
2012/12/28,02,107,1,,,,,
2012/12/28,03,100,2,,,,,
2012/12/28,04,72,3,,,,,
2012/12/28,05,62,2,,,,,
2012/12/28,06,70,3,,,,,
2012/12/28,07,114,1,,,,,
2012/12/28,08,135,6,,,,,
2012/12/28,09,157,6,,,,,
2012/12/28,10,151,7,,,,,
2012/12/28,11,163,21,,,,,
2012/12/28,12,156,19,,,,,
2012/12/28,13,160,20,,,,,
2012/12/28,14,158,16,,,,,
2012/12/28,15,161,15,,,,,
2012/12/28,16,157,15,,,,,
2012/12/28,17,157,15,,,,,
2012/12/28,18,153,15,,,,,
2012/12/28,19,151,15,,,,,
2012/12/28,20,144,15,,,,,
2012/12/28,21,156,16,,,,,
2012/12/28,22,129,5,,,,,
2012/12/28,23,125,11,,,,,
2012/12/28,24,109,1,,,,,
2012/12/29,01,112,1,,,,,
2012/12/29,02,110,1,,,,,
2012/12/29,03,104,3,,,,,
2012/12/29,04,71,3,,,,,
2012/12/29,05,64,3,,,,,
2012/12/29,06,67,2,,,,,
2012/12/29,07,112,1,,,,,
2012/12/29,08,136,6,,,,,
2012/12/29,09,160,7,,,,,
2012/12/29,10,151,7,,,,,
2012/12/29,11,146,8,,,,,
2012/12/29,12,160,23,,,,,
2012/12/29,13,156,21,,,,,
2012/12/29,14,162,20,,,,,
2012/12/29,15,163,16,,,,,
2012/12/29,16,147,14,,,,,
2012/12/29,17,153,14,,,,,
2012/12/29,18,151,14,,,,,
2012/12/29,19,154,14,,,,,
2012/12/29,20,142,14,,,,,
2012/12/29,21,155,14,,,,,
2012/12/29,22,130,6,,,,,
2012/12/29,23,122,4,,,,,
2012/12/29,24,111,1,,,,,
2012/12/30,01,113,1,,,,,
2012/12/30,02,109,1,,,,,
2012/12/30,03,104,4,,,,,
2012/12/30,04,71,4,,,,,
2012/12/30,05,64,3,,,,,
2012/12/30,06,64,3,,,,,
2012/12/30,07,119,2,,,,,
2012/12/30,08,136,6,,,,,
2012/12/30,09,158,7,,,,,
2012/12/30,10,152,7,,,,,
2012/12/30,11,167,26,,,,,
2012/12/30,12,168,28,,,,,
2012/12/30,13,166,26,,,,,
2012/12/30,14,171,24,,,,,
2012/12/30,15,177,24,,,,,
2012/12/30,16,167,21,,,,,
2012/12/30,17,167,20,,,,,
2012/12/30,18,161,21,,,,,
2012/12/30,19,162,21,,,,,
2012/12/30,20,152,22,,,,,
2012/12/30,21,159,21,,,,,
2012/12/30,22,123,2,,,,,
2012/12/30,23,117,1,,,,,
2012/12/30,24,111,2,,,,,
2012/12/31,01,112,1,,,,,
2012/12/31,02,108,1,,,,,
2012/12/31,03,101,2,,,,,
2012/12/31,04,72,3,,,,,
2012/12/31,05,59,2,,,,,
2012/12/31,06,63,4,,,,,
2012/12/31,07,118,1,,,,,
2012/12/31,08,136,6,,,,,
2012/12/31,09,156,7,,,,,
2012/12/31,10,150,7,,,,,
2012/12/31,11,172,28,,,,,
2012/12/31,12,167,25,,,,,
2012/12/31,13,175,24,,,,,
2012/12/31,14,172,22,,,,,
2012/12/31,15,170,22,,,,,
2012/12/31,16,161,21,,,,,
2012/12/31,17,164,19,,,,,
2012/12/31,18,159,19,,,,,
2012/12/31,19,151,16,,,,,
2012/12/31,20,146,17,,,,,
2012/12/31,21,155,17,,,,,
2012/12/31,22,120,3,,,,,
2012/12/31,23,90,5,,,,,
2012/12/31,24,61,1,,,,,
2013/01/01,01,69,2,,,,,
2013/01/01,02,65,4,,,,,
2013/01/01,03,97,1,,,,,
2013/01/01,04,67,1,,,,,
2013/01/01,05,64,4,,,,,
2013/01/01,06,66,3,,,,,
2013/01/01,07,76,1,,,,,
2013/01/01,08,89,1,,,,,
2013/01/01,09,136,12,,,,,
2013/01/01,10,157,20,,,,,
2013/01/01,11,155,17,,,,,
2013/01/01,12,154,16,,,,,
2013/01/01,13,159,16,,,,,
2013/01/01,14,153,15,,,,,
2013/01/01,15,158,15,,,,,
2013/01/01,16,150,15,,,,,
2013/01/01,17,150,15,,,,,
2013/01/01,18,148,16,,,,,
2013/01/01,19,141,11,,,,,
2013/01/01,20,105,12,,,,,
2013/01/01,21,89,11,,,,,
2013/01/01,22,54,1,,,,,
2013/01/01,23,53,6,,,,,
2013/01/01,24,48,1,,,,,
2013/01/02,01,54,1,,,,,
2013/01/02,02,49,1,,,,,
2013/01/02,03,84,1,,,,,
2013/01/02,04,55,1,,,,,
2013/01/02,05,47,1,,,,,
2013/01/02,06,52,1,,,,,
2013/01/02,07,71,2,,,,,
2013/01/02,08,91,6,,,,,
2013/01/02,09,149,6,,,,,
2013/01/02,10,140,6,,,,,
2013/01/02,11,160,30,,,,,
2013/01/02,12,158,25,,,,,
2013/01/02,13,171,25,,,,,
2013/01/02,14,157,20,,,,,
2013/01/02,15,161,20,,,,,
2013/01/02,16,152,19,,,,,
2013/01/02,17,154,19,,,,,
2013/01/02,18,151,21,,,,,
2013/01/02,19,148,16,,,,,
2013/01/02,20,139,16,,,,,
2013/01/02,21,147,14,,,,,
2013/01/02,22,114,1,,,,,
2013/01/02,23,110,1,,,,,
2013/01/02,24,108,1,,,,,
2013/01/03,01,112,1,,,,,
2013/01/03,02,106,1,,,,,
2013/01/03,03,100,2,,,,,
2013/01/03,04,71,3,,,,,
2013/01/03,05,62,3,,,,,
2013/01/03,06,68,3,,,,,
2013/01/03,07,119,3,,,,,
2013/01/03,08,128,5,,,,,
2013/01/03,09,155,6,,,,,
2013/01/03,10,143,6,,,,,
2013/01/03,11,141,7,,,,,
2013/01/03,12,139,6,,,,,
2013/01/03,13,142,8,,,,,
2013/01/03,14,146,9,,,,,
2013/01/03,15,148,14,,,,,
2013/01/03,16,138,7,,,,,
2013/01/03,17,142,6,,,,,
2013/01/03,18,137,6,,,,,
2013/01/03,19,141,11,,,,,
2013/01/03,20,158,30,,,,,
2013/01/03,21,163,23,,,,,
2013/01/03,22,127,6,,,,,
2013/01/03,23,113,1,,,,,
2013/01/03,24,111,2,,,,,
2013/01/04,01,115,1,,,,,
2013/01/04,02,108,1,,,,,
2013/01/04,03,100,2,,,,,
2013/01/04,04,67,3,,,,,
2013/01/04,05,56,3,,,,,
2013/01/04,06,59,3,,,,,
2013/01/04,07,111,1,,,,,
2013/01/04,08,134,6,,,,,
2013/01/04,09,159,6,,,,,
2013/01/04,10,155,15,,,,,
2013/01/04,11,171,31,,,,,
2013/01/04,12,159,23,,,,,
2013/01/04,13,157,21,,,,,
2013/01/04,14,162,20,,,,,
2013/01/04,15,166,20,,,,,
2013/01/04,16,150,20,,,,,
2013/01/04,17,160,21,,,,,
2013/01/04,18,153,21,,,,,
2013/01/04,19,155,20,,,,,
2013/01/04,20,148,21,,,,,
2013/01/04,21,162,20,,,,,
2013/01/04,22,130,5,,,,,
2013/01/04,23,124,8,,,,,
2013/01/04,24,109,2,,,,,
2013/01/05,01,110,1,,,,,
2013/01/05,02,106,1,,,,,
2013/01/05,03,104,3,,,,,
2013/01/05,04,79,3,,,,,
2013/01/05,05,64,3,,,,,
2013/01/05,06,68,3,,,,,
2013/01/05,07,111,3,,,,,
2013/01/05,08,136,5,,,,,
2013/01/05,09,154,7,,,,,
2013/01/05,10,140,6,,,,,
2013/01/05,11,142,7,,,,,
2013/01/05,12,135,6,,,,,
2013/01/05,13,141,7,,,,,
2013/01/05,14,145,7,,,,,
2013/01/05,15,149,7,,,,,
2013/01/05,16,167,34,,,,,
2013/01/05,17,164,27,,,,,
2013/01/05,18,158,25,,,,,
2013/01/05,19,161,26,,,,,
2013/01/05,20,151,21,,,,,
2013/01/05,21,161,19,,,,,
2013/01/05,22,128,6,,,,,
2013/01/05,23,121,7,,,,,
2013/01/05,24,111,4,,,,,
2013/01/06,01,111,1,,,,,
2013/01/06,02,108,1,,,,,
2013/01/06,03,97,3,,,,,
2013/01/06,04,65,3,,,,,
2013/01/06,05,55,3,,,,,
2013/01/06,06,58,3,,,,,
2013/01/06,07,112,2,,,,,
2013/01/06,08,131,5,,,,,
2013/01/06,09,151,5,,,,,
2013/01/06,10,145,6,,,,,
2013/01/06,11,143,6,,,,,
2013/01/06,12,142,7,,,,,
2013/01/06,13,158,21,,,,,
2013/01/06,14,156,18,,,,,
2013/01/06,15,163,18,,,,,
2013/01/06,16,149,16,,,,,
2013/01/06,17,157,15,,,,,
2013/01/06,18,160,25,,,,,
2013/01/06,19,158,24,,,,,
2013/01/06,20,150,22,,,,,
2013/01/06,21,152,17,,,,,
2013/01/06,22,119,1,,,,,
2013/01/06,23,109,1,,,,,
2013/01/06,24,107,2,,,,,
2013/01/07,01,109,1,,,,,
2013/01/07,02,105,1,,,,,
2013/01/07,03,99,2,,,,,
2013/01/07,04,69,2,,,,,
2013/01/07,05,62,3,,,,,
2013/01/07,06,67,4,,,,,
2013/01/07,07,109,2,,,,,
2013/01/07,08,129,7,,,,,
2013/01/07,09,157,6,,,,,
2013/01/07,10,145,9,,,,,
2013/01/07,11,173,36,,,,,
2013/01/07,12,163,28,,,,,
2013/01/07,13,163,28,,,,,
2013/01/07,14,163,24,,,,,
2013/01/07,15,161,23,,,,,
2013/01/07,16,155,22,,,,,
2013/01/07,17,160,23,,,,,
2013/01/07,18,158,23,,,,,
2013/01/07,19,164,23,,,,,
2013/01/07,20,152,22,,,,,
2013/01/07,21,161,21,,,,,
2013/01/07,22,122,1,,,,,
2013/01/07,23,119,5,,,,,
2013/01/07,24,111,2,,,,,
2013/01/08,01,113,1,,,,,
2013/01/08,02,106,1,,,,,
2013/01/08,03,103,3,,,,,
2013/01/08,04,75,3,,,,,
2013/01/08,05,65,3,,,,,
2013/01/08,06,68,3,,,,,
2013/01/08,07,121,2,,,,,
2013/01/08,08,129,6,,,,,
2013/01/08,09,151,5,,,,,
2013/01/08,10,150,7,,,,,
2013/01/08,11,147,7,,,,,
2013/01/08,12,146,6,,,,,
2013/01/08,13,149,7,,,,,
2013/01/08,14,162,23,,,,,
2013/01/08,15,169,23,,,,,
2013/01/08,16,159,22,,,,,
2013/01/08,17,164,22,,,,,
2013/01/08,18,161,21,,,,,
2013/01/08,19,154,20,,,,,
2013/01/08,20,152,18,,,,,
2013/01/08,21,161,18,,,,,
2013/01/08,22,122,2,,,,,
2013/01/08,23,119,7,,,,,
2013/01/08,24,110,1,,,,,
2013/01/09,01,110,1,,,,,
2013/01/09,02,107,1,,,,,
2013/01/09,03,102,2,,,,,
2013/01/09,04,67,2,,,,,
2013/01/09,05,58,3,,,,,
2013/01/09,06,60,2,,,,,
2013/01/09,07,110,3,,,,,
2013/01/09,08,129,4,,,,,
2013/01/09,09,159,7,,,,,
2013/01/09,10,146,6,,,,,
2013/01/09,11,146,7,,,,,
2013/01/09,12,136,7,,,,,
2013/01/09,13,142,7,,,,,
2013/01/09,14,155,18,,,,,
2013/01/09,15,158,17,,,,,
2013/01/09,16,152,18,,,,,
2013/01/09,17,150,17,,,,,
2013/01/09,18,147,13,,,,,
2013/01/09,19,145,14,,,,,
2013/01/09,20,140,14,,,,,
2013/01/09,21,151,14,,,,,
2013/01/09,22,127,6,,,,,
2013/01/09,23,119,9,,,,,
2013/01/09,24,106,2,,,,,
2013/01/10,01,109,1,,,,,
2013/01/10,02,104,1,,,,,
2013/01/10,03,102,2,,,,,
2013/01/10,04,64,3,,,,,
2013/01/10,05,61,3,,,,,
2013/01/10,06,60,3,,,,,
2013/01/10,07,110,3,,,,,
2013/01/10,08,130,6,,,,,
2013/01/10,09,151,7,,,,,
2013/01/10,10,145,6,,,,,
2013/01/10,11,162,26,,,,,
2013/01/10,12,163,29,,,,,
2013/01/10,13,160,27,,,,,
2013/01/10,14,169,26,,,,,
2013/01/10,15,168,24,,,,,
2013/01/10,16,154,22,,,,,
2013/01/10,17,158,22,,,,,
2013/01/10,18,155,22,,,,,
2013/01/10,19,160,21,,,,,
2013/01/10,20,147,21,,,,,
2013/01/10,21,148,18,,,,,
2013/01/10,22,117,1,,,,,
2013/01/10,23,110,1,,,,,
2013/01/10,24,106,2,,,,,
2013/01/11,01,108,1,,,,,
2013/01/11,02,103,1,,,,,
2013/01/11,03,99,3,,,,,
2013/01/11,04,67,3,,,,,
2013/01/11,05,63,3,,,,,
2013/01/11,06,67,3,,,,,
2013/01/11,07,111,3,,,,,
2013/01/11,08,131,6,,,,,
2013/01/11,09,151,5,,,,,
2013/01/11,10,148,10,,,,,
2013/01/11,11,173,36,,,,,
2013/01/11,12,164,28,,,,,
2013/01/11,13,169,28,,,,,
2013/01/11,14,165,25,,,,,
2013/01/11,15,163,23,,,,,
2013/01/11,16,154,22,,,,,
2013/01/11,17,157,22,,,,,
2013/01/11,18,157,23,,,,,
2013/01/11,19,157,23,,,,,
2013/01/11,20,151,22,,,,,
2013/01/11,21,154,19,,,,,
2013/01/11,22,120,1,,,,,
2013/01/11,23,112,1,,,,,
2013/01/11,24,109,1,,,,,
2013/01/12,01,112,1,,,,,
2013/01/12,02,107,1,,,,,
2013/01/12,03,104,3,,,,,
2013/01/12,04,73,3,,,,,
2013/01/12,05,54,3,,,,,
2013/01/12,06,57,3,,,,,
2013/01/12,07,106,1,,,,,
2013/01/12,08,126,3,,,,,
2013/01/12,09,151,7,,,,,
2013/01/12,10,146,6,,,,,
2013/01/12,11,145,7,,,,,
2013/01/12,12,152,20,,,,,
2013/01/12,13,158,21,,,,,
2013/01/12,14,155,19,,,,,
2013/01/12,15,158,17,,,,,
2013/01/12,16,142,13,,,,,
2013/01/12,17,151,13,,,,,
2013/01/12,18,148,15,,,,,
2013/01/12,19,150,17,,,,,
2013/01/12,20,144,15,,,,,
2013/01/12,21,154,15,,,,,
2013/01/12,22,127,6,,,,,
2013/01/12,23,119,8,,,,,
2013/01/12,24,107,2,,,,,
2013/01/13,01,111,1,,,,,
2013/01/13,02,104,1,,,,,
2013/01/13,03,103,4,,,,,
2013/01/13,04,62,3,,,,,
2013/01/13,05,54,3,,,,,
2013/01/13,06,60,3,,,,,
2013/01/13,07,112,3,,,,,
2013/01/13,08,133,7,,,,,
2013/01/13,09,153,7,,,,,
2013/01/13,10,144,7,,,,,
2013/01/13,11,173,36,,,,,
2013/01/13,12,164,27,,,,,
2013/01/13,13,161,27,,,,,
2013/01/13,14,166,25,,,,,
2013/01/13,15,165,23,,,,,
2013/01/13,16,159,22,,,,,
2013/01/13,17,155,22,,,,,
2013/01/13,18,154,23,,,,,
2013/01/13,19,153,22,,,,,
2013/01/13,20,143,19,,,,,
2013/01/13,21,148,18,,,,,
2013/01/13,22,118,1,,,,,
2013/01/13,23,116,8,,,,,
2013/01/13,24,105,2,,,,,
2013/01/14,01,110,1,,,,,
2013/01/14,02,103,1,,,,,
2013/01/14,03,100,2,,,,,
2013/01/14,04,73,2,,,,,
2013/01/14,05,63,3,,,,,
2013/01/14,06,65,3,,,,,
2013/01/14,07,116,4,,,,,
2013/01/14,08,128,6,,,,,
2013/01/14,09,150,6,,,,,
2013/01/14,10,146,7,,,,,
2013/01/14,11,165,28,,,,,
2013/01/14,12,167,27,,,,,
2013/01/14,13,163,28,,,,,
2013/01/14,14,165,26,,,,,
2013/01/14,15,166,23,,,,,
2013/01/14,16,153,23,,,,,
2013/01/14,17,160,23,,,,,
2013/01/14,18,158,23,,,,,
2013/01/14,19,156,24,,,,,
2013/01/14,20,153,23,,,,,
2013/01/14,21,155,19,,,,,
2013/01/14,22,119,2,,,,,
2013/01/14,23,113,1,,,,,
2013/01/14,24,109,2,,,,,
2013/01/15,01,110,1,,,,,
2013/01/15,02,104,1,,,,,
2013/01/15,03,101,2,,,,,
2013/01/15,04,71,3,,,,,
2013/01/15,05,64,3,,,,,
2013/01/15,06,68,3,,,,,
2013/01/15,07,122,2,,,,,
2013/01/15,08,129,6,,,,,
2013/01/15,09,154,8,,,,,
2013/01/15,10,158,18,,,,,
2013/01/15,11,171,30,,,,,
2013/01/15,12,167,30,,,,,
2013/01/15,13,167,29,,,,,
2013/01/15,14,162,24,,,,,
2013/01/15,15,170,24,,,,,
2013/01/15,16,163,24,,,,,
2013/01/15,17,163,24,,,,,
2013/01/15,18,157,23,,,,,
2013/01/15,19,159,24,,,,,
2013/01/15,20,155,26,,,,,
2013/01/15,21,160,24,,,,,
2013/01/15,22,123,4,,,,,
2013/01/15,23,113,1,,,,,
2013/01/15,24,106,1,,,,,
2013/01/16,01,110,1,,,,,
2013/01/16,02,105,1,,,,,
2013/01/16,03,99,3,,,,,
2013/01/16,04,67,3,,,,,
2013/01/16,05,59,3,,,,,
2013/01/16,06,57,3,,,,,
2013/01/16,07,106,1,,,,,
2013/01/16,08,127,4,,,,,
2013/01/16,09,151,6,,,,,
2013/01/16,10,145,7,,,,,
2013/01/16,11,144,7,,,,,
2013/01/16,12,139,6,,,,,
2013/01/16,13,144,8,,,,,
2013/01/16,14,143,7,,,,,
2013/01/16,15,145,6,,,,,
2013/01/16,16,136,5,,,,,
2013/01/16,17,140,6,,,,,
2013/01/16,18,140,9,,,,,
2013/01/16,19,139,8,,,,,
2013/01/16,20,132,6,,,,,
2013/01/16,21,135,2,,,,,
2013/01/16,22,115,1,,,,,
2013/01/16,23,108,1,,,,,
2013/01/16,24,106,2,,,,,
2013/01/17,01,109,1,,,,,
2013/01/17,02,104,1,,,,,
2013/01/17,03,97,2,,,,,
2013/01/17,04,64,2,,,,,
2013/01/17,05,56,2,,,,,
2013/01/17,06,60,3,,,,,
2013/01/17,07,109,2,,,,,
2013/01/17,08,128,6,,,,,
2013/01/17,09,152,5,,,,,
2013/01/17,10,143,5,,,,,
2013/01/17,11,139,5,,,,,
2013/01/17,12,140,5,,,,,
2013/01/17,13,140,8,,,,,
2013/01/17,14,145,7,,,,,
2013/01/17,15,148,7,,,,,
2013/01/17,16,137,7,,,,,
2013/01/17,17,140,7,,,,,
2013/01/17,18,138,7,,,,,
2013/01/17,19,144,7,,,,,
2013/01/17,20,134,6,,,,,
2013/01/17,21,135,5,,,,,
2013/01/17,22,116,3,,,,,
2013/01/17,23,114,3,,,,,
2013/01/17,24,106,3,,,,,
2013/01/18,01,108,1,,,,,
2013/01/18,02,103,1,,,,,
2013/01/18,03,100,3,,,,,
2013/01/18,04,61,3,,,,,
2013/01/18,05,59,3,,,,,
2013/01/18,06,60,3,,,,,
2013/01/18,07,112,3,,,,,
2013/01/18,08,129,6,,,,,
2013/01/18,09,149,5,,,,,
2013/01/18,10,142,7,,,,,
2013/01/18,11,170,35,,,,,
2013/01/18,12,165,29,,,,,
2013/01/18,13,164,29,,,,,
2013/01/18,14,163,25,,,,,
2013/01/18,15,165,23,,,,,
2013/01/18,16,150,21,,,,,
2013/01/18,17,157,21,,,,,
2013/01/18,18,158,23,,,,,
2013/01/18,19,153,23,,,,,
2013/01/18,20,152,23,,,,,
2013/01/18,21,160,22,,,,,
2013/01/18,22,127,6,,,,,
2013/01/18,23,124,12,,,,,
2013/01/18,24,113,8,,,,,
2013/01/19,01,110,1,,,,,
2013/01/19,02,105,1,,,,,
2013/01/19,03,102,2,,,,,
2013/01/19,04,69,3,,,,,
2013/01/19,05,56,3,,,,,
2013/01/19,06,58,3,,,,,
2013/01/19,07,109,3,,,,,
2013/01/19,08,124,5,,,,,
2013/01/19,09,154,8,,,,,
2013/01/19,10,145,7,,,,,
2013/01/19,11,140,7,,,,,
2013/01/19,12,139,7,,,,,
2013/01/19,13,141,8,,,,,
2013/01/19,14,155,22,,,,,
2013/01/19,15,159,19,,,,,
2013/01/19,16,145,19,,,,,
2013/01/19,17,147,16,,,,,
2013/01/19,18,145,16,,,,,
2013/01/19,19,146,17,,,,,
2013/01/19,20,142,16,,,,,
2013/01/19,21,153,16,,,,,
2013/01/19,22,127,6,,,,,
2013/01/19,23,114,4,,,,,
2013/01/19,24,104,1,,,,,
2013/01/20,01,108,1,,,,,
2013/01/20,02,103,1,,,,,
2013/01/20,03,110,4,,,,,
2013/01/20,04,82,4,,,,,
2013/01/20,05,68,3,,,,,
2013/01/20,06,66,3,,,,,
2013/01/20,07,110,2,,,,,
2013/01/20,08,129,6,,,,,
2013/01/20,09,150,5,,,,,
2013/01/20,10,143,6,,,,,
2013/01/20,11,157,25,,,,,
2013/01/20,12,159,26,,,,,
2013/01/20,13,162,26,,,,,
2013/01/20,14,165,25,,,,,
2013/01/20,15,165,23,,,,,
2013/01/20,16,154,21,,,,,
2013/01/20,17,159,21,,,,,
2013/01/20,18,154,21,,,,,
2013/01/20,19,161,22,,,,,
2013/01/20,20,150,23,,,,,
2013/01/20,21,155,21,,,,,
2013/01/20,22,116,1,,,,,
2013/01/20,23,109,1,,,,,
2013/01/20,24,107,2,,,,,
2013/01/21,01,109,1,,,,,
2013/01/21,02,105,1,,,,,
2013/01/21,03,101,4,,,,,
2013/01/21,04,72,3,,,,,
2013/01/21,05,62,3,,,,,
2013/01/21,06,65,3,,,,,
2013/01/21,07,112,4,,,,,
2013/01/21,08,129,6,,,,,
2013/01/21,09,153,5,,,,,
2013/01/21,10,145,7,,,,,
2013/01/21,11,162,29,,,,,
2013/01/21,12,161,25,,,,,
2013/01/21,13,157,23,,,,,
2013/01/21,14,163,24,,,,,
2013/01/21,15,164,22,,,,,
2013/01/21,16,156,22,,,,,
2013/01/21,17,160,19,,,,,
2013/01/21,18,153,21,,,,,
2013/01/21,19,155,21,,,,,
2013/01/21,20,147,20,,,,,
2013/01/21,21,155,17,,,,,
2013/01/21,22,119,1,,,,,
2013/01/21,23,112,1,,,,,
2013/01/21,24,106,1,,,,,
2013/01/22,01,110,2,,,,,
2013/01/22,02,105,1,,,,,
2013/01/22,03,100,2,,,,,
2013/01/22,04,69,3,,,,,
2013/01/22,05,64,3,,,,,
2013/01/22,06,66,3,,,,,
2013/01/22,07,119,3,,,,,
2013/01/22,08,127,5,,,,,
2013/01/22,09,154,7,,,,,
2013/01/22,10,146,7,,,,,
2013/01/22,11,148,6,,,,,
2013/01/22,12,141,7,,,,,
2013/01/22,13,142,9,,,,,
2013/01/22,14,143,8,,,,,
2013/01/22,15,154,8,,,,,
2013/01/22,16,142,8,,,,,
2013/01/22,17,144,6,,,,,
2013/01/22,18,138,6,,,,,
2013/01/22,19,137,6,,,,,
2013/01/22,20,133,6,,,,,
2013/01/22,21,147,6,,,,,
2013/01/22,22,125,6,,,,,
2013/01/22,23,116,5,,,,,
2013/01/22,24,110,4,,,,,
2013/01/23,01,111,1,,,,,
2013/01/23,02,105,1,,,,,
2013/01/23,03,104,4,,,,,
2013/01/23,04,71,4,,,,,
2013/01/23,05,63,3,,,,,
2013/01/23,06,66,3,,,,,
2013/01/23,07,105,1,,,,,
2013/01/23,08,126,4,,,,,
2013/01/23,09,152,6,,,,,
2013/01/23,10,143,6,,,,,
2013/01/23,11,140,7,,,,,
2013/01/23,12,135,6,,,,,
2013/01/23,13,141,8,,,,,
2013/01/23,14,143,7,,,,,
2013/01/23,15,157,19,,,,,
2013/01/23,16,147,16,,,,,
2013/01/23,17,149,17,,,,,
2013/01/23,18,147,17,,,,,
2013/01/23,19,146,14,,,,,
2013/01/23,20,141,13,,,,,
2013/01/23,21,154,12,,,,,
2013/01/23,22,126,6,,,,,
2013/01/23,23,121,9,,,,,
2013/01/23,24,111,5,,,,,
2013/01/24,01,110,1,,,,,
2013/01/24,02,104,1,,,,,
2013/01/24,03,101,2,,,,,
2013/01/24,04,74,4,,,,,
2013/01/24,05,65,3,,,,,
2013/01/24,06,66,2,,,,,
2013/01/24,07,111,3,,,,,
2013/01/24,08,134,6,,,,,
2013/01/24,09,152,6,,,,,
2013/01/24,10,143,5,,,,,
2013/01/24,11,140,6,,,,,
2013/01/24,12,136,6,,,,,
2013/01/24,13,143,8,,,,,
2013/01/24,14,144,7,,,,,
2013/01/24,15,144,7,,,,,
2013/01/24,16,142,6,,,,,
2013/01/24,17,162,27,,,,,
2013/01/24,18,158,23,,,,,
2013/01/24,19,159,23,,,,,
2013/01/24,20,153,24,,,,,
2013/01/24,21,154,18,,,,,
2013/01/24,22,120,1,,,,,
2013/01/24,23,110,1,,,,,
2013/01/24,24,108,2,,,,,
2013/01/25,01,111,1,,,,,
2013/01/25,02,105,1,,,,,
2013/01/25,03,103,3,,,,,
2013/01/25,04,73,3,,,,,
2013/01/25,05,63,3,,,,,
2013/01/25,06,69,3,,,,,
2013/01/25,07,113,3,,,,,
2013/01/25,08,131,4,,,,,
2013/01/25,09,151,7,,,,,
2013/01/25,10,146,6,,,,,
2013/01/25,11,168,31,,,,,
2013/01/25,12,162,24,,,,,
2013/01/25,13,162,20,,,,,
2013/01/25,14,160,21,,,,,
2013/01/25,15,164,21,,,,,
2013/01/25,16,153,19,,,,,
2013/01/25,17,155,19,,,,,
2013/01/25,18,154,20,,,,,
2013/01/25,19,158,20,,,,,
2013/01/25,20,144,16,,,,,
2013/01/25,21,146,14,,,,,
2013/01/25,22,120,1,,,,,
2013/01/25,23,110,1,,,,,
2013/01/25,24,110,1,,,,,
2013/01/26,01,112,1,,,,,
2013/01/26,02,107,1,,,,,
2013/01/26,03,100,2,,,,,
2013/01/26,04,63,2,,,,,
2013/01/26,05,58,2,,,,,
2013/01/26,06,61,2,,,,,
2013/01/26,07,110,1,,,,,
2013/01/26,08,128,4,,,,,
2013/01/26,09,158,7,,,,,
2013/01/26,10,146,6,,,,,
2013/01/26,11,144,6,,,,,
2013/01/26,12,146,16,,,,,
2013/01/26,13,149,16,,,,,
2013/01/26,14,152,15,,,,,
2013/01/26,15,156,15,,,,,
2013/01/26,16,140,10,,,,,
2013/01/26,17,143,9,,,,,
2013/01/26,18,146,13,,,,,
2013/01/26,19,141,12,,,,,
2013/01/26,20,141,13,,,,,
2013/01/26,21,152,13,,,,,
2013/01/26,22,126,6,,,,,
2013/01/26,23,118,3,,,,,
2013/01/26,24,108,2,,,,,
2013/01/27,01,110,1,,,,,
2013/01/27,02,108,1,,,,,
2013/01/27,03,101,4,,,,,
2013/01/27,04,68,3,,,,,
2013/01/27,05,56,3,,,,,
2013/01/27,06,59,3,,,,,
2013/01/27,07,118,4,,,,,
2013/01/27,08,131,7,,,,,
2013/01/27,09,154,6,,,,,
2013/01/27,10,141,6,,,,,
2013/01/27,11,138,5,,,,,
2013/01/27,12,136,6,,,,,
2013/01/27,13,142,8,,,,,
2013/01/27,14,155,21,,,,,
2013/01/27,15,169,27,,,,,
2013/01/27,16,160,26,,,,,
2013/01/27,17,158,24,,,,,
2013/01/27,18,158,23,,,,,
2013/01/27,19,158,22,,,,,
2013/01/27,20,154,23,,,,,
2013/01/27,21,163,20,,,,,
2013/01/27,22,126,6,,,,,
2013/01/27,23,122,9,,,,,
2013/01/27,24,112,5,,,,,
2013/01/28,01,110,1,,,,,
2013/01/28,02,105,1,,,,,
2013/01/28,03,102,4,,,,,
2013/01/28,04,75,3,,,,,
2013/01/28,05,64,3,,,,,
2013/01/28,06,67,3,,,,,
2013/01/28,07,110,4,,,,,
2013/01/28,08,132,6,,,,,
2013/01/28,09,155,6,,,,,
2013/01/28,10,146,8,,,,,
2013/01/28,11,157,20,,,,,
2013/01/28,12,146,17,,,,,
2013/01/28,13,152,17,,,,,
2013/01/28,14,151,14,,,,,
2013/01/28,15,151,13,,,,,
2013/01/28,16,149,12,,,,,
2013/01/28,17,149,12,,,,,
2013/01/28,18,146,12,,,,,
2013/01/28,19,145,12,,,,,
2013/01/28,20,140,12,,,,,
2013/01/28,21,147,11,,,,,
2013/01/28,22,129,6,,,,,
2013/01/28,23,117,3,,,,,
2013/01/28,24,109,2,,,,,
2013/01/29,01,112,1,,,,,
2013/01/29,02,108,1,,,,,
2013/01/29,03,104,3,,,,,
2013/01/29,04,76,3,,,,,
2013/01/29,05,63,2,,,,,
2013/01/29,06,66,2,,,,,
2013/01/29,07,120,4,,,,,
2013/01/29,08,127,6,,,,,
2013/01/29,09,156,6,,,,,
2013/01/29,10,148,6,,,,,
2013/01/29,11,146,6,,,,,
2013/01/29,12,147,7,,,,,
2013/01/29,13,148,8,,,,,
2013/01/29,14,145,7,,,,,
2013/01/29,15,152,6,,,,,
2013/01/29,16,148,6,,,,,
2013/01/29,17,142,6,,,,,
2013/01/29,18,143,6,,,,,
2013/01/29,19,142,6,,,,,
2013/01/29,20,136,6,,,,,
2013/01/29,21,149,6,,,,,
2013/01/29,22,127,6,,,,,
2013/01/29,23,113,2,,,,,
2013/01/29,24,109,2,,,,,
2013/01/30,01,112,1,,,,,
2013/01/30,02,107,1,,,,,
2013/01/30,03,105,3,,,,,
2013/01/30,04,77,2,,,,,
2013/01/30,05,64,3,,,,,
2013/01/30,06,67,2,,,,,
2013/01/30,07,108,1,,,,,
2013/01/30,08,128,4,,,,,
2013/01/30,09,155,7,,,,,
2013/01/30,10,146,6,,,,,
2013/01/30,11,145,6,,,,,
2013/01/30,12,138,6,,,,,
2013/01/30,13,143,7,,,,,
2013/01/30,14,142,6,,,,,
2013/01/30,15,148,6,,,,,
2013/01/30,16,135,6,,,,,
2013/01/30,17,142,7,,,,,
2013/01/30,18,139,6,,,,,
2013/01/30,19,142,6,,,,,
2013/01/30,20,130,2,,,,,
2013/01/30,21,135,1,,,,,
2013/01/30,22,121,1,,,,,
2013/01/30,23,111,1,,,,,
2013/01/30,24,109,1,,,,,
2013/01/31,01,112,1,,,,,
2013/01/31,02,108,1,,,,,
2013/01/31,03,102,2,,,,,
2013/01/31,04,70,2,,,,,
2013/01/31,05,58,2,,,,,
2013/01/31,06,61,2,,,,,
2013/01/31,07,112,3,,,,,
2013/01/31,08,134,6,,,,,
2013/01/31,09,159,6,,,,,
2013/01/31,10,149,6,,,,,
2013/01/31,11,162,23,,,,,
2013/01/31,12,156,20,,,,,
2013/01/31,13,156,20,,,,,
2013/01/31,14,160,19,,,,,
2013/01/31,15,163,14,,,,,
2013/01/31,16,153,15,,,,,
2013/01/31,17,151,15,,,,,
2013/01/31,18,150,13,,,,,
2013/01/31,19,156,13,,,,,
2013/01/31,20,145,14,,,,,
2013/01/31,21,148,13,,,,,
2013/01/31,22,120,1,,,,,
2013/01/31,23,121,7,,,,,
2013/01/31,24,108,1,,,,,
2013/02/01,01,111,1,,,,,
2013/02/01,02,105,1,,,,,
2013/02/01,03,100,2,,,,,
2013/02/01,04,76,3,,,,,
2013/02/01,05,63,2,,,,,
2013/02/01,06,68,3,,,,,
2013/02/01,07,115,1,,,,,
2013/02/01,08,131,6,,,,,
2013/02/01,09,156,6,,,,,
2013/02/01,10,151,9,,,,,
2013/02/01,11,163,27,,,,,
2013/02/01,12,160,22,,,,,
2013/02/01,13,161,22,,,,,
2013/02/01,14,164,21,,,,,
2013/02/01,15,167,21,,,,,
2013/02/01,16,153,17,,,,,
2013/02/01,17,155,18,,,,,
2013/02/01,18,155,19,,,,,
2013/02/01,19,156,19,,,,,
2013/02/01,20,150,18,,,,,
2013/02/01,21,162,17,,,,,
2013/02/01,22,127,6,,,,,
2013/02/01,23,123,7,,,,,
2013/02/01,24,110,1,,,,,
2013/02/02,01,112,1,,,,,
2013/02/02,02,109,1,,,,,
2013/02/02,03,98,2,,,,,
2013/02/02,04,70,3,,,,,
2013/02/02,05,60,3,,,,,
2013/02/02,06,64,3,,,,,
2013/02/02,07,113,3,,,,,
2013/02/02,08,131,4,,,,,
2013/02/02,09,152,6,,,,,
2013/02/02,10,149,5,,,,,
2013/02/02,11,145,6,,,,,
2013/02/02,12,139,7,,,,,
2013/02/02,13,144,8,,,,,
2013/02/02,14,145,7,,,,,
2013/02/02,15,152,8,,,,,
2013/02/02,16,140,7,,,,,
2013/02/02,17,142,7,,,,,
2013/02/02,18,143,7,,,,,
2013/02/02,19,141,7,,,,,
2013/02/02,20,133,7,,,,,
2013/02/02,21,151,6,,,,,
2013/02/02,22,124,1,,,,,
2013/02/02,23,117,1,,,,,
2013/02/02,24,109,1,,,,,
2013/02/03,01,111,1,,,,,
2013/02/03,02,107,1,,,,,
2013/02/03,03,95,3,,,,,
2013/02/03,04,72,2,,,,,
2013/02/03,05,59,2,,,,,
2013/02/03,06,61,2,,,,,
2013/02/03,07,112,1,,,,,
2013/02/03,08,138,6,,,,,
2013/02/03,09,155,5,,,,,
2013/02/03,10,148,6,,,,,
2013/02/03,11,146,8,,,,,
2013/02/03,12,160,25,,,,,
2013/02/03,13,155,16,,,,,
2013/02/03,14,154,15,,,,,
2013/02/03,15,157,15,,,,,
2013/02/03,16,153,17,,,,,
2013/02/03,17,154,16,,,,,
2013/02/03,18,154,14,,,,,
2013/02/03,19,159,13,,,,,
2013/02/03,20,147,11,,,,,
2013/02/03,21,154,13,,,,,
2013/02/03,22,128,1,,,,,
2013/02/03,23,118,1,,,,,
2013/02/03,24,112,1,,,,,
2013/02/04,01,113,1,,,,,
2013/02/04,02,108,1,,,,,
2013/02/04,03,104,2,,,,,
2013/02/04,04,80,2,,,,,
2013/02/04,05,65,2,,,,,
2013/02/04,06,69,2,,,,,
2013/02/04,07,111,2,,,,,
2013/02/04,08,134,6,,,,,
2013/02/04,09,158,6,,,,,
2013/02/04,10,165,19,,,,,
2013/02/04,11,163,25,,,,,
2013/02/04,12,155,20,,,,,
2013/02/04,13,160,25,,,,,
2013/02/04,14,160,23,,,,,
2013/02/04,15,158,20,,,,,
2013/02/04,16,154,21,,,,,
2013/02/04,17,156,21,,,,,
2013/02/04,18,151,23,,,,,
2013/02/04,19,153,21,,,,,
2013/02/04,20,153,22,,,,,
2013/02/04,21,153,16,,,,,
2013/02/04,22,117,1,,,,,
2013/02/04,23,117,6,,,,,
2013/02/04,24,112,4,,,,,
2013/02/05,01,112,1,,,,,
2013/02/05,02,106,1,,,,,
2013/02/05,03,104,2,,,,,
2013/02/05,04,76,3,,,,,
2013/02/05,05,63,4,,,,,
2013/02/05,06,66,3,,,,,
2013/02/05,07,117,2,,,,,
2013/02/05,08,124,6,,,,,
2013/02/05,09,160,10,,,,,
2013/02/05,10,172,30,,,,,
2013/02/05,11,158,23,,,,,
2013/02/05,12,160,21,,,,,
2013/02/05,13,159,22,,,,,
2013/02/05,14,158,21,,,,,
2013/02/05,15,164,20,,,,,
2013/02/05,16,156,20,,,,,
2013/02/05,17,151,19,,,,,
2013/02/05,18,154,20,,,,,
2013/02/05,19,155,21,,,,,
2013/02/05,20,149,21,,,,,
2013/02/05,21,155,20,,,,,
2013/02/05,22,129,5,,,,,
2013/02/05,23,115,3,,,,,
2013/02/05,24,113,6,,,,,
2013/02/06,01,111,1,,,,,
2013/02/06,02,106,1,,,,,
2013/02/06,03,103,4,,,,,
2013/02/06,04,74,4,,,,,
2013/02/06,05,64,4,,,,,
2013/02/06,06,65,3,,,,,
2013/02/06,07,110,3,,,,,
2013/02/06,08,124,6,,,,,
2013/02/06,09,156,8,,,,,
2013/02/06,10,145,8,,,,,
2013/02/06,11,137,6,,,,,
2013/02/06,12,137,7,,,,,
2013/02/06,13,139,9,,,,,
2013/02/06,14,141,8,,,,,
2013/02/06,15,147,7,,,,,
2013/02/06,16,137,7,,,,,
2013/02/06,17,154,23,,,,,
2013/02/06,18,150,20,,,,,
2013/02/06,19,152,20,,,,,
2013/02/06,20,147,16,,,,,
2013/02/06,21,145,13,,,,,
2013/02/06,22,118,1,,,,,
2013/02/06,23,112,1,,,,,
2013/02/06,24,105,1,,,,,
2013/02/07,01,109,2,,,,,
2013/02/07,02,103,1,,,,,
2013/02/07,03,99,3,,,,,
2013/02/07,04,64,3,,,,,
2013/02/07,05,62,4,,,,,
2013/02/07,06,59,3,,,,,
2013/02/07,07,109,3,,,,,
2013/02/07,08,133,6,,,,,
2013/02/07,09,154,6,,,,,
2013/02/07,10,144,6,,,,,
2013/02/07,11,157,27,,,,,
2013/02/07,12,158,28,,,,,
2013/02/07,13,165,28,,,,,
2013/02/07,14,165,26,,,,,
2013/02/07,15,166,24,,,,,
2013/02/07,16,160,22,,,,,
2013/02/07,17,159,23,,,,,
2013/02/07,18,156,22,,,,,
2013/02/07,19,156,22,,,,,
2013/02/07,20,152,22,,,,,
2013/02/07,21,168,20,,,,,
2013/02/07,22,127,6,,,,,
2013/02/07,23,122,8,,,,,
2013/02/07,24,110,5,,,,,
2013/02/08,01,109,1,,,,,
2013/02/08,02,105,1,,,,,
2013/02/08,03,103,2,,,,,
2013/02/08,04,76,3,,,,,
2013/02/08,05,61,2,,,,,
2013/02/08,06,66,3,,,,,
2013/02/08,07,108,2,,,,,
2013/02/08,08,131,5,,,,,
2013/02/08,09,153,5,,,,,
2013/02/08,10,140,6,,,,,
2013/02/08,11,136,6,,,,,
2013/02/08,12,129,5,,,,,
2013/02/08,13,141,9,,,,,
2013/02/08,14,136,7,,,,,
2013/02/08,15,142,8,,,,,
2013/02/08,16,125,8,,,,,
2013/02/08,17,130,7,,,,,
2013/02/08,18,129,8,,,,,
2013/02/08,19,144,19,,,,,
2013/02/08,20,174,51,,,,,
2013/02/08,21,167,37,,,,,
2013/02/08,22,119,5,,,,,
2013/02/08,23,118,10,,,,,
2013/02/08,24,110,2,,,,,
2013/02/09,01,111,1,,,,,
2013/02/09,02,106,1,,,,,
2013/02/09,03,104,4,,,,,
2013/02/09,04,72,5,,,,,
2013/02/09,05,60,1,,,,,
2013/02/09,06,67,4,,,,,
2013/02/09,07,107,1,,,,,
2013/02/09,08,125,3,,,,,
2013/02/09,09,154,5,,,,,
2013/02/09,10,139,6,,,,,
2013/02/09,11,138,6,,,,,
2013/02/09,12,133,6,,,,,
2013/02/09,13,135,7,,,,,
2013/02/09,14,140,7,,,,,
2013/02/09,15,147,7,,,,,
2013/02/09,16,134,7,,,,,
2013/02/09,17,137,7,,,,,
2013/02/09,18,137,7,,,,,
2013/02/09,19,136,5,,,,,
2013/02/09,20,132,5,,,,,
2013/02/09,21,139,6,,,,,
2013/02/09,22,122,6,,,,,
2013/02/09,23,111,2,,,,,
2013/02/09,24,106,2,,,,,
2013/02/10,01,108,1,,,,,
2013/02/10,02,104,1,,,,,
2013/02/10,03,103,4,,,,,
2013/02/10,04,60,4,,,,,
2013/02/10,05,60,2,,,,,
2013/02/10,06,67,4,,,,,
2013/02/10,07,110,3,,,,,
2013/02/10,08,134,7,,,,,
2013/02/10,09,154,7,,,,,
2013/02/10,10,138,6,,,,,
2013/02/10,11,155,25,,,,,
2013/02/10,12,156,21,,,,,
2013/02/10,13,158,21,,,,,
2013/02/10,14,159,21,,,,,
2013/02/10,15,165,21,,,,,
2013/02/10,16,153,16,,,,,
2013/02/10,17,148,15,,,,,
2013/02/10,18,159,25,,,,,
2013/02/10,19,164,27,,,,,
2013/02/10,20,158,26,,,,,
2013/02/10,21,156,21,,,,,
2013/02/10,22,117,1,,,,,
2013/02/10,23,108,1,,,,,
2013/02/10,24,108,2,,,,,
2013/02/11,01,110,1,,,,,
2013/02/11,02,106,1,,,,,
2013/02/11,03,103,3,,,,,
2013/02/11,04,72,3,,,,,
2013/02/11,05,60,3,,,,,
2013/02/11,06,59,3,,,,,
2013/02/11,07,113,4,,,,,
2013/02/11,08,131,6,,,,,
2013/02/11,09,152,5,,,,,
2013/02/11,10,149,9,,,,,
2013/02/11,11,171,37,,,,,
2013/02/11,12,160,27,,,,,
2013/02/11,13,164,27,,,,,
2013/02/11,14,175,34,,,,,
2013/02/11,15,176,29,,,,,
2013/02/11,16,158,29,,,,,
2013/02/11,17,163,30,,,,,
2013/02/11,18,166,27,,,,,
2013/02/11,19,166,27,,,,,
2013/02/11,20,156,27,,,,,
2013/02/11,21,152,22,,,,,
2013/02/11,22,119,1,,,,,
2013/02/11,23,120,9,,,,,
2013/02/11,24,113,6,,,,,
2013/02/12,01,112,1,,,,,
2013/02/12,02,107,1,,,,,
2013/02/12,03,104,2,,,,,
2013/02/12,04,68,3,,,,,
2013/02/12,05,72,3,,,,,
2013/02/12,06,74,3,,,,,
2013/02/12,07,117,2,,,,,
2013/02/12,08,126,6,,,,,
2013/02/12,09,153,5,,,,,
2013/02/12,10,171,29,,,,,
2013/02/12,11,171,31,,,,,
2013/02/12,12,167,29,,,,,
2013/02/12,13,168,27,,,,,
2013/02/12,14,168,23,,,,,
2013/02/12,15,170,23,,,,,
2013/02/12,16,159,21,,,,,
2013/02/12,17,160,22,,,,,
2013/02/12,18,159,23,,,,,
2013/02/12,19,158,22,,,,,
2013/02/12,20,153,22,,,,,
2013/02/12,21,165,21,,,,,
2013/02/12,22,126,5,,,,,
2013/02/12,23,117,4,,,,,
2013/02/12,24,109,2,,,,,
2013/02/13,01,110,1,,,,,
2013/02/13,02,107,1,,,,,
2013/02/13,03,103,4,,,,,
2013/02/13,04,73,4,,,,,
2013/02/13,05,63,4,,,,,
2013/02/13,06,69,4,,,,,
2013/02/13,07,107,1,,,,,
2013/02/13,08,128,4,,,,,
2013/02/13,09,157,8,,,,,
2013/02/13,10,147,7,,,,,
2013/02/13,11,160,23,,,,,
2013/02/13,12,160,28,,,,,
2013/02/13,13,166,27,,,,,
2013/02/13,14,165,26,,,,,
2013/02/13,15,168,27,,,,,
2013/02/13,16,154,23,,,,,
2013/02/13,17,161,25,,,,,
2013/02/13,18,159,26,,,,,
2013/02/13,19,167,26,,,,,
2013/02/13,20,156,25,,,,,
2013/02/13,21,152,20,,,,,
2013/02/13,22,118,1,,,,,
2013/02/13,23,109,1,,,,,
2013/02/13,24,107,2,,,,,
2013/02/14,01,110,1,,,,,
2013/02/14,02,104,1,,,,,
2013/02/14,03,100,3,,,,,
2013/02/14,04,65,3,,,,,
2013/02/14,05,59,2,,,,,
2013/02/14,06,60,3,,,,,
2013/02/14,07,110,3,,,,,
2013/02/14,08,133,6,,,,,
2013/02/14,09,153,4,,,,,
2013/02/14,10,148,7,,,,,
2013/02/14,11,135,6,,,,,
2013/02/14,12,137,7,,,,,
2013/02/14,13,139,9,,,,,
2013/02/14,14,144,7,,,,,
2013/02/14,15,148,7,,,,,
2013/02/14,16,133,7,,,,,
2013/02/14,17,134,8,,,,,
2013/02/14,18,135,7,,,,,
2013/02/14,19,138,7,,,,,
2013/02/14,20,138,7,,,,,
2013/02/14,21,141,7,,,,,
2013/02/14,22,118,3,,,,,
2013/02/14,23,128,19,,,,,
2013/02/14,24,110,5,,,,,
2013/02/15,01,109,1,,,,,
2013/02/15,02,104,1,,,,,
2013/02/15,03,103,3,,,,,
2013/02/15,04,64,4,,,,,
2013/02/15,05,63,5,,,,,
2013/02/15,06,66,5,,,,,
2013/02/15,07,107,2,,,,,
2013/02/15,08,126,8,,,,,
2013/02/15,09,155,10,,,,,
2013/02/15,10,143,7,,,,,
2013/02/15,11,134,4,,,,,
2013/02/15,12,138,8,,,,,
2013/02/15,13,139,8,,,,,
2013/02/15,14,139,7,,,,,
2013/02/15,15,144,6,,,,,
2013/02/15,16,137,6,,,,,
2013/02/15,17,140,7,,,,,
2013/02/15,18,136,7,,,,,
2013/02/15,19,136,6,,,,,
2013/02/15,20,136,6,,,,,
2013/02/15,21,140,7,,,,,
2013/02/15,22,121,6,,,,,
2013/02/15,23,111,4,,,,,
2013/02/15,24,105,2,,,,,
2013/02/16,01,108,2,,,,,
2013/02/16,02,104,1,,,,,
2013/02/16,03,102,3,,,,,
2013/02/16,04,66,4,,,,,
2013/02/16,05,63,4,,,,,
2013/02/16,06,64,4,,,,,
2013/02/16,07,107,3,,,,,
2013/02/16,08,126,5,,,,,
2013/02/16,09,151,5,,,,,
2013/02/16,10,141,6,,,,,
2013/02/16,11,157,26,,,,,
2013/02/16,12,159,28,,,,,
2013/02/16,13,170,28,,,,,
2013/02/16,14,165,27,,,,,
2013/02/16,15,174,25,,,,,
2013/02/16,16,159,24,,,,,
2013/02/16,17,156,22,,,,,
2013/02/16,18,160,21,,,,,
2013/02/16,19,158,22,,,,,
2013/02/16,20,149,21,,,,,
2013/02/16,21,162,19,,,,,
2013/02/16,22,123,5,,,,,
2013/02/16,23,112,1,,,,,
2013/02/16,24,109,2,,,,,
2013/02/17,01,111,1,,,,,
2013/02/17,02,109,3,,,,,
2013/02/17,03,113,4,,,,,
2013/02/17,04,84,4,,,,,
2013/02/17,05,68,3,,,,,
2013/02/17,06,58,3,,,,,
2013/02/17,07,108,2,,,,,
2013/02/17,08,135,5,,,,,
2013/02/17,09,150,5,,,,,
2013/02/17,10,147,7,,,,,
2013/02/17,11,154,22,,,,,
2013/02/17,12,155,27,,,,,
2013/02/17,13,166,26,,,,,
2013/02/17,14,168,26,,,,,
2013/02/17,15,165,23,,,,,
2013/02/17,16,155,21,,,,,
2013/02/17,17,157,22,,,,,
2013/02/17,18,159,22,,,,,
2013/02/17,19,165,23,,,,,
2013/02/17,20,154,24,,,,,
2013/02/17,21,161,22,,,,,
2013/02/17,22,124,6,,,,,
2013/02/17,23,116,5,,,,,
2013/02/17,24,113,7,,,,,
2013/02/18,01,114,5,,,,,
2013/02/18,02,109,5,,,,,
2013/02/18,03,106,6,,,,,
2013/02/18,04,75,8,,,,,
2013/02/18,05,66,6,,,,,
2013/02/18,06,71,7,,,,,
2013/02/18,07,114,7,,,,,
2013/02/18,08,134,5,,,,,
2013/02/18,09,152,5,,,,,
2013/02/18,10,146,6,,,,,
2013/02/18,11,151,16,,,,,
2013/02/18,12,166,31,,,,,
2013/02/18,13,165,28,,,,,
2013/02/18,14,171,26,,,,,
2013/02/18,15,172,27,,,,,
2013/02/18,16,155,23,,,,,
2013/02/18,17,156,23,,,,,
2013/02/18,18,161,24,,,,,
2013/02/18,19,167,26,,,,,
2013/02/18,20,153,25,,,,,
2013/02/18,21,155,21,,,,,
2013/02/18,22,119,3,,,,,
2013/02/18,23,129,16,,,,,
2013/02/18,24,107,2,,,,,
2013/02/19,01,108,1,,,,,
2013/02/19,02,104,1,,,,,
2013/02/19,03,99,4,,,,,
2013/02/19,04,75,4,,,,,
2013/02/19,05,64,4,,,,,
2013/02/19,06,69,3,,,,,
2013/02/19,07,112,1,,,,,
2013/02/19,08,132,5,,,,,
2013/02/19,09,155,7,,,,,
2013/02/19,10,155,14,,,,,
2013/02/19,11,165,30,,,,,
2013/02/19,12,165,28,,,,,
2013/02/19,13,171,27,,,,,
2013/02/19,14,173,27,,,,,
2013/02/19,15,170,24,,,,,
2013/02/19,16,161,23,,,,,
2013/02/19,17,157,22,,,,,
2013/02/19,18,158,23,,,,,
2013/02/19,19,160,23,,,,,
2013/02/19,20,158,25,,,,,
2013/02/19,21,163,23,,,,,
2013/02/19,22,130,5,,,,,
2013/02/19,23,114,3,,,,,
2013/02/19,24,110,3,,,,,
2013/02/20,01,114,3,,,,,
2013/02/20,02,109,3,,,,,
2013/02/20,03,104,4,,,,,
2013/02/20,04,70,4,,,,,
2013/02/20,05,73,3,,,,,
2013/02/20,06,74,3,,,,,
2013/02/20,07,106,1,,,,,
2013/02/20,08,125,4,,,,,
2013/02/20,09,152,6,,,,,
2013/02/20,10,149,8,,,,,
2013/02/20,11,145,6,,,,,
2013/02/20,12,133,6,,,,,
2013/02/20,13,148,9,,,,,
2013/02/20,14,143,7,,,,,
2013/02/20,15,148,7,,,,,
2013/02/20,16,138,7,,,,,
2013/02/20,17,140,7,,,,,
2013/02/20,18,137,5,,,,,
2013/02/20,19,146,6,,,,,
2013/02/20,20,132,6,,,,,
2013/02/20,21,134,3,,,,,
2013/02/20,22,117,1,,,,,
2013/02/20,23,109,1,,,,,
2013/02/20,24,107,2,,,,,
2013/02/21,01,110,1,,,,,
2013/02/21,02,104,1,,,,,
2013/02/21,03,100,2,,,,,
2013/02/21,04,67,3,,,,,
2013/02/21,05,54,3,,,,,
2013/02/21,06,59,3,,,,,
2013/02/21,07,111,4,,,,,
2013/02/21,08,132,6,,,,,
2013/02/21,09,150,7,,,,,
2013/02/21,10,144,6,,,,,
2013/02/21,11,143,6,,,,,
2013/02/21,12,137,6,,,,,
2013/02/21,13,143,8,,,,,
2013/02/21,14,150,8,,,,,
2013/02/21,15,147,7,,,,,
2013/02/21,16,134,6,,,,,
2013/02/21,17,160,27,,,,,
2013/02/21,18,160,25,,,,,
2013/02/21,19,162,25,,,,,
2013/02/21,20,152,25,,,,,
2013/02/21,21,155,22,,,,,
2013/02/21,22,115,2,,,,,
2013/02/21,23,111,1,,,,,
2013/02/21,24,107,2,,,,,
2013/02/22,01,109,1,,,,,
2013/02/22,02,103,1,,,,,
2013/02/22,03,99,2,,,,,
2013/02/22,04,68,3,,,,,
2013/02/22,05,62,3,,,,,
2013/02/22,06,66,3,,,,,
2013/02/22,07,112,3,,,,,
2013/02/22,08,131,8,,,,,
2013/02/22,09,161,8,,,,,
2013/02/22,10,159,19,,,,,
2013/02/22,11,165,30,,,,,
2013/02/22,12,162,27,,,,,
2013/02/22,13,165,26,,,,,
2013/02/22,14,166,24,,,,,
2013/02/22,15,166,22,,,,,
2013/02/22,16,152,20,,,,,
2013/02/22,17,155,21,,,,,
2013/02/22,18,153,22,,,,,
2013/02/22,19,158,22,,,,,
2013/02/22,20,154,22,,,,,
2013/02/22,21,151,17,,,,,
2013/02/22,22,121,3,,,,,
2013/02/22,23,121,12,,,,,
2013/02/22,24,111,4,,,,,
2013/02/23,01,110,1,,,,,
2013/02/23,02,105,1,,,,,
2013/02/23,03,103,3,,,,,
2013/02/23,04,76,4,,,,,
2013/02/23,05,63,3,,,,,
2013/02/23,06,69,3,,,,,
2013/02/23,07,107,1,,,,,
2013/02/23,08,125,4,,,,,
2013/02/23,09,153,6,,,,,
2013/02/23,10,148,7,,,,,
2013/02/23,11,141,7,,,,,
2013/02/23,12,135,6,,,,,
2013/02/23,13,144,8,,,,,
2013/02/23,14,157,19,,,,,
2013/02/23,15,158,18,,,,,
2013/02/23,16,148,18,,,,,
2013/02/23,17,147,17,,,,,
2013/02/23,18,145,13,,,,,
2013/02/23,19,148,13,,,,,
2013/02/23,20,148,13,,,,,
2013/02/23,21,150,12,,,,,
2013/02/23,22,128,6,,,,,
2013/02/23,23,115,1,,,,,
2013/02/23,24,110,2,,,,,
2013/02/24,01,112,1,,,,,
2013/02/24,02,109,1,,,,,
2013/02/24,03,102,3,,,,,
2013/02/24,04,67,4,,,,,
2013/02/24,05,70,2,,,,,
2013/02/24,06,68,4,,,,,
2013/02/24,07,114,3,,,,,
2013/02/24,08,138,7,,,,,
2013/02/24,09,154,6,,,,,
2013/02/24,10,146,6,,,,,
2013/02/24,11,143,6,,,,,
2013/02/24,12,135,6,,,,,
2013/02/24,13,142,8,,,,,
2013/02/24,14,149,8,,,,,
2013/02/24,15,151,7,,,,,
2013/02/24,16,138,7,,,,,
2013/02/24,17,140,7,,,,,
2013/02/24,18,141,7,,,,,
2013/02/24,19,139,6,,,,,
2013/02/24,20,140,6,,,,,
2013/02/24,21,147,5,,,,,
2013/02/24,22,125,5,,,,,
2013/02/24,23,122,6,,,,,
2013/02/24,24,114,5,,,,,
2013/02/25,01,115,4,,,,,
2013/02/25,02,108,1,,,,,
2013/02/25,03,102,3,,,,,
2013/02/25,04,67,4,,,,,
2013/02/25,05,75,4,,,,,
2013/02/25,06,77,3,,,,,
2013/02/25,07,112,3,,,,,
2013/02/25,08,130,4,,,,,
2013/02/25,09,152,6,,,,,
2013/02/25,10,146,6,,,,,
2013/02/25,11,145,7,,,,,
2013/02/25,12,138,6,,,,,
2013/02/25,13,146,8,,,,,
2013/02/25,14,163,23,,,,,
2013/02/25,15,168,23,,,,,
2013/02/25,16,152,21,,,,,
2013/02/25,17,155,21,,,,,
2013/02/25,18,153,21,,,,,
2013/02/25,19,167,21,,,,,
2013/02/25,20,149,21,,,,,
2013/02/25,21,150,14,,,,,
2013/02/25,22,122,1,,,,,
2013/02/25,23,114,1,,,,,
2013/02/25,24,112,2,,,,,
2013/02/26,01,114,1,,,,,
2013/02/26,02,108,1,,,,,
2013/02/26,03,101,2,,,,,
2013/02/26,04,78,4,,,,,
2013/02/26,05,66,3,,,,,
2013/02/26,06,69,3,,,,,
2013/02/26,07,115,2,,,,,
2013/02/26,08,133,6,,,,,
2013/02/26,09,154,6,,,,,
2013/02/26,10,152,7,,,,,
2013/02/26,11,148,7,,,,,
2013/02/26,12,142,7,,,,,
2013/02/26,13,168,22,,,,,
2013/02/26,14,160,22,,,,,
2013/02/26,15,167,19,,,,,
2013/02/26,16,163,18,,,,,
2013/02/26,17,160,19,,,,,
2013/02/26,18,157,20,,,,,
2013/02/26,19,164,21,,,,,
2013/02/26,20,157,17,,,,,
2013/02/26,21,160,17,,,,,
2013/02/26,22,132,6,,,,,
2013/02/26,23,130,10,,,,,
2013/02/26,24,122,8,,,,,
2013/02/27,01,117,1,,,,,
2013/02/27,02,110,1,,,,,
2013/02/27,03,104,1,,,,,
2013/02/27,04,79,3,,,,,
2013/02/27,05,63,2,,,,,
2013/02/27,06,61,3,,,,,
2013/02/27,07,110,1,,,,,
2013/02/27,08,131,5,,,,,
2013/02/27,09,156,6,,,,,
2013/02/27,10,148,6,,,,,
2013/02/27,11,140,7,,,,,
2013/02/27,12,141,7,,,,,
2013/02/27,13,145,9,,,,,
2013/02/27,14,147,8,,,,,
2013/02/27,15,152,7,,,,,
2013/02/27,16,139,6,,,,,
2013/02/27,17,140,7,,,,,
2013/02/27,18,142,6,,,,,
2013/02/27,19,144,4,,,,,
2013/02/27,20,137,1,,,,,
2013/02/27,21,136,2,,,,,
2013/02/27,22,122,1,,,,,
2013/02/27,23,113,1,,,,,
2013/02/27,24,113,2,,,,,
2013/02/28,01,114,1,,,,,
2013/02/28,02,112,1,,,,,
2013/02/28,03,108,2,,,,,
2013/02/28,04,79,3,,,,,
2013/02/28,05,65,3,,,,,
2013/02/28,06,71,3,,,,,
2013/02/28,07,113,3,,,,,
2013/02/28,08,130,3,,,,,
2013/02/28,09,158,7,,,,,
2013/02/28,10,148,3,,,,,
2013/02/28,11,142,1,,,,,
2013/02/28,12,135,1,,,,,
2013/02/28,13,144,1,,,,,
2013/02/28,14,145,2,,,,,
2013/02/28,15,152,1,,,,,
2013/02/28,16,142,1,,,,,
2013/02/28,17,140,2,,,,,
2013/02/28,18,137,1,,,,,
2013/02/28,19,145,1,,,,,
2013/02/28,20,133,1,,,,,
2013/02/28,21,138,1,,,,,
2013/02/28,22,123,1,,,,,
2013/02/28,23,115,1,,,,,
2013/02/28,24,112,1,,,,,
2013/03/01,01,114,1,,,,,
2013/03/01,02,111,1,,,,,
2013/03/01,03,105,2,,,,,
2013/03/01,04,79,3,,,,,
2013/03/01,05,66,3,,,,,
2013/03/01,06,72,3,,,,,
2013/03/01,07,117,1,,,,,
2013/03/01,08,139,7,,,,,
2013/03/01,09,155,6,,,,,
2013/03/01,10,154,7,,,,,
2013/03/01,11,157,17,,,,,
2013/03/01,12,159,22,,,,,
2013/03/01,13,163,19,,,,,
2013/03/01,14,161,17,,,,,
2013/03/01,15,169,18,,,,,
2013/03/01,16,160,20,,,,,
2013/03/01,17,161,20,,,,,
2013/03/01,18,159,20,,,,,
2013/03/01,19,155,16,,,,,
2013/03/01,20,150,14,,,,,
2013/03/01,21,161,16,,,,,
2013/03/01,22,132,6,,,,,
2013/03/01,23,120,6,,,,,
2013/03/01,24,112,2,,,,,
2013/03/02,01,113,1,,,,,
2013/03/02,02,109,1,,,,,
2013/03/02,03,104,3,,,,,
2013/03/02,04,78,3,,,,,
2013/03/02,05,66,3,,,,,
2013/03/02,06,69,3,,,,,
2013/03/02,07,114,3,,,,,
2013/03/02,08,132,5,,,,,
2013/03/02,09,153,6,,,,,
2013/03/02,10,150,7,,,,,
2013/03/02,11,172,29,,,,,
2013/03/02,12,164,28,,,,,
2013/03/02,13,165,22,,,,,
2013/03/02,14,164,24,,,,,
2013/03/02,15,171,21,,,,,
2013/03/02,16,156,20,,,,,
2013/03/02,17,154,19,,,,,
2013/03/02,18,156,21,,,,,
2013/03/02,19,158,21,,,,,
2013/03/02,20,157,21,,,,,
2013/03/02,21,155,18,,,,,
2013/03/02,22,128,6,,,,,
2013/03/02,23,114,2,,,,,
2013/03/02,24,110,1,,,,,
2013/03/03,01,112,1,,,,,
2013/03/03,02,108,1,,,,,
2013/03/03,03,104,4,,,,,
2013/03/03,04,77,4,,,,,
2013/03/03,05,66,4,,,,,
2013/03/03,06,70,3,,,,,
2013/03/03,07,113,3,,,,,
2013/03/03,08,135,6,,,,,
2013/03/03,09,153,5,,,,,
2013/03/03,10,146,5,,,,,
2013/03/03,11,141,5,,,,,
2013/03/03,12,139,7,,,,,
2013/03/03,13,147,7,,,,,
2013/03/03,14,146,8,,,,,
2013/03/03,15,152,7,,,,,
2013/03/03,16,143,8,,,,,
2013/03/03,17,140,7,,,,,
2013/03/03,18,138,6,,,,,
2013/03/03,19,143,6,,,,,
2013/03/03,20,141,5,,,,,
2013/03/03,21,143,5,,,,,
2013/03/03,22,121,1,,,,,
2013/03/03,23,115,1,,,,,
2013/03/03,24,109,2,,,,,
2013/03/04,01,114,1,,,,,
2013/03/04,02,108,1,,,,,
2013/03/04,03,104,2,,,,,
2013/03/04,04,78,4,,,,,
2013/03/04,05,64,2,,,,,
2013/03/04,06,69,3,,,,,
2013/03/04,07,115,4,,,,,
2013/03/04,08,134,6,,,,,
2013/03/04,09,156,6,,,,,
2013/03/04,10,147,7,,,,,
2013/03/04,11,161,26,,,,,
2013/03/04,12,158,25,,,,,
2013/03/04,13,164,24,,,,,
2013/03/04,14,165,19,,,,,
2013/03/04,15,166,21,,,,,
2013/03/04,16,150,17,,,,,
2013/03/04,17,151,16,,,,,
2013/03/04,18,154,18,,,,,
2013/03/04,19,155,15,,,,,
2013/03/04,20,151,15,,,,,
2013/03/04,21,151,14,,,,,
2013/03/04,22,123,1,,,,,
2013/03/04,23,119,7,,,,,
2013/03/04,24,110,1,,,,,
2013/03/05,01,112,1,,,,,
2013/03/05,02,108,1,,,,,
2013/03/05,03,103,2,,,,,
2013/03/05,04,77,2,,,,,
2013/03/05,05,64,3,,,,,
2013/03/05,06,70,3,,,,,
2013/03/05,07,116,2,,,,,
2013/03/05,08,135,6,,,,,
2013/03/05,09,157,7,,,,,
2013/03/05,10,167,19,,,,,
2013/03/05,11,168,30,,,,,
2013/03/05,12,162,24,,,,,
2013/03/05,13,170,25,,,,,
2013/03/05,14,165,25,,,,,
2013/03/05,15,175,26,,,,,
2013/03/05,16,164,24,,,,,
2013/03/05,17,160,25,,,,,
2013/03/05,18,159,25,,,,,
2013/03/05,19,160,24,,,,,
2013/03/05,20,155,22,,,,,
2013/03/05,21,167,21,,,,,
2013/03/05,22,131,6,,,,,
2013/03/05,23,121,7,,,,,
2013/03/05,24,109,2,,,,,
2013/03/06,01,113,1,,,,,
2013/03/06,02,106,1,,,,,
2013/03/06,03,103,3,,,,,
2013/03/06,04,78,3,,,,,
2013/03/06,05,62,1,,,,,
2013/03/06,06,69,4,,,,,
2013/03/06,07,113,5,,,,,
2013/03/06,08,130,5,,,,,
2013/03/06,09,154,6,,,,,
2013/03/06,10,144,6,,,,,
2013/03/06,11,142,7,,,,,
2013/03/06,12,135,7,,,,,
2013/03/06,13,145,8,,,,,
2013/03/06,14,145,7,,,,,
2013/03/06,15,145,7,,,,,
2013/03/06,16,134,6,,,,,
2013/03/06,17,134,6,,,,,
2013/03/06,18,137,5,,,,,
2013/03/06,19,146,6,,,,,
2013/03/06,20,135,6,,,,,
2013/03/06,21,136,3,,,,,
2013/03/06,22,117,1,,,,,
2013/03/06,23,109,1,,,,,
2013/03/06,24,107,2,,,,,
2013/03/07,01,110,1,,,,,
2013/03/07,02,105,1,,,,,
2013/03/07,03,98,3,,,,,
2013/03/07,04,65,4,,,,,
2013/03/07,05,56,3,,,,,
2013/03/07,06,62,3,,,,,
2013/03/07,07,113,3,,,,,
2013/03/07,08,133,7,,,,,
2013/03/07,09,160,5,,,,,
2013/03/07,10,148,5,,,,,
2013/03/07,11,141,7,,,,,
2013/03/07,12,166,33,,,,,
2013/03/07,13,164,28,,,,,
2013/03/07,14,162,24,,,,,
2013/03/07,15,168,23,,,,,
2013/03/07,16,159,23,,,,,
2013/03/07,17,160,25,,,,,
2013/03/07,18,158,23,,,,,
2013/03/07,19,166,26,,,,,
2013/03/07,20,156,23,,,,,
2013/03/07,21,151,17,,,,,
2013/03/07,22,122,1,,,,,
2013/03/07,23,112,1,,,,,
2013/03/07,24,108,1,,,,,
2013/03/08,01,113,1,,,,,
2013/03/08,02,105,1,,,,,
2013/03/08,03,102,3,,,,,
2013/03/08,04,77,5,,,,,
2013/03/08,05,63,4,,,,,
2013/03/08,06,61,3,,,,,
2013/03/08,07,114,3,,,,,
2013/03/08,08,136,6,,,,,
2013/03/08,09,154,7,,,,,
2013/03/08,10,149,7,,,,,
2013/03/08,11,145,7,,,,,
2013/03/08,12,135,6,,,,,
2013/03/08,13,143,8,,,,,
2013/03/08,14,149,8,,,,,
2013/03/08,15,147,8,,,,,
2013/03/08,16,136,8,,,,,
2013/03/08,17,138,7,,,,,
2013/03/08,18,136,6,,,,,
2013/03/08,19,141,6,,,,,
2013/03/08,20,140,6,,,,,
2013/03/08,21,149,6,,,,,
2013/03/08,22,124,5,,,,,
2013/03/08,23,114,1,,,,,
2013/03/08,24,112,3,,,,,
2013/03/09,01,111,1,,,,,
2013/03/09,02,106,1,,,,,
2013/03/09,03,103,3,,,,,
2013/03/09,04,79,4,,,,,
2013/03/09,05,64,3,,,,,
2013/03/09,06,69,3,,,,,
2013/03/09,07,108,1,,,,,
2013/03/09,08,127,4,,,,,
2013/03/09,09,159,9,,,,,
2013/03/09,10,148,8,,,,,
2013/03/09,11,145,7,,,,,
2013/03/09,12,135,6,,,,,
2013/03/09,13,145,7,,,,,
2013/03/09,14,142,6,,,,,
2013/03/09,15,145,7,,,,,
2013/03/09,16,138,7,,,,,
2013/03/09,17,138,6,,,,,
2013/03/09,18,136,6,,,,,
2013/03/09,19,142,7,,,,,
2013/03/09,20,137,6,,,,,
2013/03/09,21,143,6,,,,,
2013/03/09,22,125,5,,,,,
2013/03/09,23,112,1,,,,,
2013/03/09,24,111,3,,,,,
2013/03/10,01,113,2,,,,,
2013/03/10,02,110,2,,,,,
2013/03/10,03,118,3,,,,,
2013/03/10,04,107,3,,,,,
2013/03/10,05,92,3,,,,,
2013/03/10,06,89,2,,,,,
2013/03/10,07,112,3,,,,,
2013/03/10,08,139,6,,,,,
2013/03/10,09,158,6,,,,,
2013/03/10,10,144,6,,,,,
2013/03/10,11,142,7,,,,,
2013/03/10,12,138,6,,,,,
2013/03/10,13,145,9,,,,,
2013/03/10,14,144,7,,,,,
2013/03/10,15,149,8,,,,,
2013/03/10,16,138,7,,,,,
2013/03/10,17,140,7,,,,,
2013/03/10,18,138,8,,,,,
2013/03/10,19,146,8,,,,,
2013/03/10,20,137,7,,,,,
2013/03/10,21,135,3,,,,,
2013/03/10,22,116,1,,,,,
2013/03/10,23,109,1,,,,,
2013/03/10,24,108,2,,,,,
2013/03/11,01,110,1,,,,,
2013/03/11,02,105,1,,,,,
2013/03/11,03,100,2,,,,,
2013/03/11,04,63,4,,,,,
2013/03/11,05,54,3,,,,,
2013/03/11,06,60,3,,,,,
2013/03/11,07,112,4,,,,,
2013/03/11,08,136,6,,,,,
2013/03/11,09,156,6,,,,,
2013/03/11,10,175,30,,,,,
2013/03/11,11,160,23,,,,,
2013/03/11,12,150,17,,,,,
2013/03/11,13,150,17,,,,,
2013/03/11,14,153,16,,,,,
2013/03/11,15,159,16,,,,,
2013/03/11,16,147,15,,,,,
2013/03/11,17,148,16,,,,,
2013/03/11,18,154,21,,,,,
2013/03/11,19,160,20,,,,,
2013/03/11,20,149,20,,,,,
2013/03/11,21,148,14,,,,,
2013/03/11,22,120,1,,,,,
2013/03/11,23,119,9,,,,,
2013/03/11,24,113,6,,,,,
2013/03/12,01,111,1,,,,,
2013/03/12,02,106,1,,,,,
2013/03/12,03,102,2,,,,,
2013/03/12,04,77,3,,,,,
2013/03/12,05,69,3,,,,,
2013/03/12,06,74,3,,,,,
2013/03/12,07,117,2,,,,,
2013/03/12,08,132,6,,,,,
2013/03/12,09,160,6,,,,,
2013/03/12,10,172,24,,,,,
2013/03/12,11,163,21,,,,,
2013/03/12,12,157,20,,,,,
2013/03/12,13,164,19,,,,,
2013/03/12,14,162,17,,,,,
2013/03/12,15,164,13,,,,,
2013/03/12,16,155,14,,,,,
2013/03/12,17,153,14,,,,,
2013/03/12,18,152,14,,,,,
2013/03/12,19,152,14,,,,,
2013/03/12,20,151,15,,,,,
2013/03/12,21,160,13,,,,,
2013/03/12,22,125,1,,,,,
2013/03/12,23,115,1,,,,,
2013/03/12,24,110,1,,,,,
2013/03/13,01,114,1,,,,,
2013/03/13,02,108,1,,,,,
2013/03/13,03,104,2,,,,,
2013/03/13,04,76,3,,,,,
2013/03/13,05,65,3,,,,,
2013/03/13,06,69,3,,,,,
2013/03/13,07,114,3,,,,,
2013/03/13,08,132,4,,,,,
2013/03/13,09,154,6,,,,,
2013/03/13,10,151,7,,,,,
2013/03/13,11,143,7,,,,,
2013/03/13,12,139,6,,,,,
2013/03/13,13,145,7,,,,,
2013/03/13,14,145,7,,,,,
2013/03/13,15,144,3,,,,,
2013/03/13,16,134,2,,,,,
2013/03/13,17,134,2,,,,,
2013/03/13,18,134,3,,,,,
2013/03/13,19,142,3,,,,,
2013/03/13,20,136,2,,,,,
2013/03/13,21,140,1,,,,,
2013/03/13,22,124,1,,,,,
2013/03/13,23,117,1,,,,,
2013/03/13,24,113,1,,,,,
2013/03/14,01,115,1,,,,,
2013/03/14,02,110,1,,,,,
2013/03/14,03,104,2,,,,,
2013/03/14,04,77,2,,,,,
2013/03/14,05,64,2,,,,,
2013/03/14,06,68,3,,,,,
2013/03/14,07,111,2,,,,,
2013/03/14,08,137,6,,,,,
2013/03/14,09,156,7,,,,,
2013/03/14,10,146,6,,,,,
2013/03/14,11,141,6,,,,,
2013/03/14,12,134,6,,,,,
2013/03/14,13,143,7,,,,,
2013/03/14,14,146,8,,,,,
2013/03/14,15,150,7,,,,,
2013/03/14,16,143,7,,,,,
2013/03/14,17,137,7,,,,,
2013/03/14,18,137,6,,,,,
2013/03/14,19,145,8,,,,,
2013/03/14,20,136,6,,,,,
2013/03/14,21,135,3,,,,,
2013/03/14,22,118,1,,,,,
2013/03/14,23,108,1,,,,,
2013/03/14,24,109,1,,,,,
2013/03/15,01,111,1,,,,,
2013/03/15,02,106,1,,,,,
2013/03/15,03,103,2,,,,,
2013/03/15,04,73,4,,,,,
2013/03/15,05,61,3,,,,,
2013/03/15,06,60,3,,,,,
2013/03/15,07,113,3,,,,,
2013/03/15,08,139,7,,,,,
2013/03/15,09,156,6,,,,,
2013/03/15,10,147,6,,,,,
2013/03/15,11,139,7,,,,,
2013/03/15,12,139,7,,,,,
2013/03/15,13,146,7,,,,,
2013/03/15,14,144,7,,,,,
2013/03/15,15,147,7,,,,,
2013/03/15,16,138,7,,,,,
2013/03/15,17,136,6,,,,,
2013/03/15,18,136,6,,,,,
2013/03/15,19,140,6,,,,,
2013/03/15,20,136,6,,,,,
2013/03/15,21,149,6,,,,,
2013/03/15,22,125,5,,,,,
2013/03/15,23,114,1,,,,,
2013/03/15,24,110,2,,,,,
2013/03/16,01,112,1,,,,,
2013/03/16,02,108,1,,,,,
2013/03/16,03,104,3,,,,,
2013/03/16,04,79,3,,,,,
2013/03/16,05,59,3,,,,,
2013/03/16,06,62,3,,,,,
2013/03/16,07,108,1,,,,,
2013/03/16,08,127,3,,,,,
2013/03/16,09,155,6,,,,,
2013/03/16,10,144,6,,,,,
2013/03/16,11,142,7,,,,,
2013/03/16,12,141,6,,,,,
2013/03/16,13,142,4,,,,,
2013/03/16,14,143,1,,,,,
2013/03/16,15,141,1,,,,,
2013/03/16,16,133,1,,,,,
2013/03/16,17,135,2,,,,,
2013/03/16,18,134,1,,,,,
2013/03/16,19,137,1,,,,,
2013/03/16,20,138,1,,,,,
2013/03/16,21,138,1,,,,,
2013/03/16,22,122,1,,,,,
2013/03/16,23,114,1,,,,,
2013/03/16,24,109,1,,,,,
2013/03/17,01,113,1,,,,,
2013/03/17,02,108,1,,,,,
2013/03/17,03,100,3,,,,,
2013/03/17,04,70,4,,,,,
2013/03/17,05,75,3,,,,,
2013/03/17,06,74,3,,,,,
2013/03/17,07,112,3,,,,,
2013/03/17,08,132,4,,,,,
2013/03/17,09,157,7,,,,,
2013/03/17,10,147,7,,,,,
2013/03/17,11,139,7,,,,,
2013/03/17,12,139,6,,,,,
2013/03/17,13,141,7,,,,,
2013/03/17,14,147,6,,,,,
2013/03/17,15,151,4,,,,,
2013/03/17,16,140,2,,,,,
2013/03/17,17,137,1,,,,,
2013/03/17,18,135,1,,,,,
2013/03/17,19,141,1,,,,,
2013/03/17,20,130,1,,,,,
2013/03/17,21,138,1,,,,,
2013/03/17,22,120,1,,,,,
2013/03/17,23,115,1,,,,,
2013/03/17,24,111,2,,,,,
2013/03/18,01,113,1,,,,,
2013/03/18,02,109,1,,,,,
2013/03/18,03,104,2,,,,,
2013/03/18,04,81,3,,,,,
2013/03/18,05,62,2,,,,,
2013/03/18,06,68,2,,,,,
2013/03/18,07,114,3,,,,,
2013/03/18,08,140,5,,,,,
2013/03/18,09,158,5,,,,,
2013/03/18,10,146,1,,,,,
2013/03/18,11,139,1,,,,,
2013/03/18,12,136,1,,,,,
2013/03/18,13,144,2,,,,,
2013/03/18,14,146,2,,,,,
2013/03/18,15,144,2,,,,,
2013/03/18,16,139,2,,,,,
2013/03/18,17,139,2,,,,,
2013/03/18,18,138,1,,,,,
2013/03/18,19,149,1,,,,,
2013/03/18,20,138,1,,,,,
2013/03/18,21,142,1,,,,,
2013/03/18,22,125,1,,,,,
2013/03/18,23,113,1,,,,,
2013/03/18,24,113,1,,,,,
2013/03/19,01,113,1,,,,,
2013/03/19,02,108,1,,,,,
2013/03/19,03,105,2,,,,,
2013/03/19,04,85,2,,,,,
2013/03/19,05,64,2,,,,,
2013/03/19,06,63,2,,,,,
2013/03/19,07,121,2,,,,,
2013/03/19,08,137,7,,,,,
2013/03/19,09,157,7,,,,,
2013/03/19,10,151,7,,,,,
2013/03/19,11,148,7,,,,,
2013/03/19,12,146,6,,,,,
2013/03/19,13,149,7,,,,,
2013/03/19,14,150,8,,,,,
2013/03/19,15,155,7,,,,,
2013/03/19,16,147,7,,,,,
2013/03/19,17,140,6,,,,,
2013/03/19,18,141,6,,,,,
2013/03/19,19,144,6,,,,,
2013/03/19,20,141,6,,,,,
2013/03/19,21,147,6,,,,,
2013/03/19,22,133,6,,,,,
2013/03/19,23,124,4,,,,,
2013/03/19,24,113,2,,,,,
2013/03/20,01,115,1,,,,,
2013/03/20,02,110,1,,,,,
2013/03/20,03,106,3,,,,,
2013/03/20,04,81,3,,,,,
2013/03/20,05,66,3,,,,,
2013/03/20,06,70,2,,,,,
2013/03/20,07,112,1,,,,,
2013/03/20,08,133,4,,,,,
2013/03/20,09,155,7,,,,,
2013/03/20,10,149,7,,,,,
2013/03/20,11,142,7,,,,,
2013/03/20,12,140,7,,,,,
2013/03/20,13,162,25,,,,,
2013/03/20,14,160,22,,,,,
2013/03/20,15,159,18,,,,,
2013/03/20,16,148,17,,,,,
2013/03/20,17,150,18,,,,,
2013/03/20,18,149,16,,,,,
2013/03/20,19,153,17,,,,,
2013/03/20,20,152,18,,,,,
2013/03/20,21,162,16,,,,,
2013/03/20,22,131,6,,,,,
2013/03/20,23,131,15,,,,,
2013/03/20,24,112,2,,,,,
2013/03/21,01,113,1,,,,,
2013/03/21,02,109,1,,,,,
2013/03/21,03,102,2,,,,,
2013/03/21,04,81,3,,,,,
2013/03/21,05,65,3,,,,,
2013/03/21,06,69,3,,,,,
2013/03/21,07,119,2,,,,,
2013/03/21,08,130,5,,,,,
2013/03/21,09,155,7,,,,,
2013/03/21,10,149,7,,,,,
2013/03/21,11,139,6,,,,,
2013/03/21,12,141,6,,,,,
2013/03/21,13,147,6,,,,,
2013/03/21,14,153,7,,,,,
2013/03/21,15,149,7,,,,,
2013/03/21,16,141,7,,,,,
2013/03/21,17,142,6,,,,,
2013/03/21,18,139,6,,,,,
2013/03/21,19,145,6,,,,,
2013/03/21,20,137,6,,,,,
2013/03/21,21,138,1,,,,,
2013/03/21,22,121,1,,,,,
2013/03/21,23,113,1,,,,,
2013/03/21,24,110,1,,,,,
2013/03/22,01,112,1,,,,,
2013/03/22,02,107,1,,,,,
2013/03/22,03,102,3,,,,,
2013/03/22,04,78,3,,,,,
2013/03/22,05,73,3,,,,,
2013/03/22,06,77,2,,,,,
2013/03/22,07,113,3,,,,,
2013/03/22,08,137,5,,,,,
2013/03/22,09,156,7,,,,,
2013/03/22,10,150,6,,,,,
2013/03/22,11,145,7,,,,,
2013/03/22,12,139,6,,,,,
2013/03/22,13,152,7,,,,,
2013/03/22,14,147,7,,,,,
2013/03/22,15,153,6,,,,,
2013/03/22,16,141,6,,,,,
2013/03/22,17,142,6,,,,,
2013/03/22,18,141,5,,,,,
2013/03/22,19,142,1,,,,,
2013/03/22,20,134,1,,,,,
2013/03/22,21,136,1,,,,,
2013/03/22,22,121,1,,,,,
2013/03/22,23,114,1,,,,,
2013/03/22,24,112,2,,,,,
2013/03/23,01,114,1,,,,,
2013/03/23,02,108,1,,,,,
2013/03/23,03,104,3,,,,,
2013/03/23,04,80,3,,,,,
2013/03/23,05,65,2,,,,,
2013/03/23,06,70,3,,,,,
2013/03/23,07,111,1,,,,,
2013/03/23,08,132,4,,,,,
2013/03/23,09,160,7,,,,,
2013/03/23,10,151,7,,,,,
2013/03/23,11,144,7,,,,,
2013/03/23,12,136,6,,,,,
2013/03/23,13,142,6,,,,,
2013/03/23,14,152,6,,,,,
2013/03/23,15,147,5,,,,,
2013/03/23,16,135,1,,,,,
2013/03/23,17,135,1,,,,,
2013/03/23,18,135,1,,,,,
2013/03/23,19,137,1,,,,,
2013/03/23,20,135,1,,,,,
2013/03/23,21,143,1,,,,,
2013/03/23,22,121,1,,,,,
2013/03/23,23,119,1,,,,,
2013/03/23,24,109,1,,,,,
2013/03/24,01,113,1,,,,,
2013/03/24,02,110,1,,,,,
2013/03/24,03,106,3,,,,,
2013/03/24,04,84,3,,,,,
2013/03/24,05,60,3,,,,,
2013/03/24,06,62,3,,,,,
2013/03/24,07,112,3,,,,,
2013/03/24,08,134,5,,,,,
2013/03/24,09,156,7,,,,,
2013/03/24,10,150,6,,,,,
2013/03/24,11,142,6,,,,,
2013/03/24,12,136,6,,,,,
2013/03/24,13,144,6,,,,,
2013/03/24,14,148,6,,,,,
2013/03/24,15,151,5,,,,,
2013/03/24,16,139,2,,,,,
2013/03/24,17,138,1,,,,,
2013/03/24,18,135,2,,,,,
2013/03/24,19,141,2,,,,,
2013/03/24,20,133,1,,,,,
2013/03/24,21,138,1,,,,,
2013/03/24,22,121,1,,,,,
2013/03/24,23,113,1,,,,,
2013/03/24,24,111,2,,,,,
2013/03/25,01,113,1,,,,,
2013/03/25,02,109,1,,,,,
2013/03/25,03,102,2,,,,,
2013/03/25,04,79,2,,,,,
2013/03/25,05,73,2,,,,,
2013/03/25,06,77,2,,,,,
2013/03/25,07,115,3,,,,,
2013/03/25,08,138,6,,,,,
2013/03/25,09,158,6,,,,,
2013/03/25,10,150,6,,,,,
2013/03/25,11,146,6,,,,,
2013/03/25,12,140,5,,,,,
2013/03/25,13,151,6,,,,,
2013/03/25,14,148,4,,,,,
2013/03/25,15,147,1,,,,,
2013/03/25,16,135,1,,,,,
2013/03/25,17,137,1,,,,,
2013/03/25,18,143,1,,,,,
2013/03/25,19,141,1,,,,,
2013/03/25,20,133,1,,,,,
2013/03/25,21,139,1,,,,,
2013/03/25,22,125,1,,,,,
2013/03/25,23,115,1,,,,,
2013/03/25,24,112,1,,,,,
2013/03/26,01,115,1,,,,,
2013/03/26,02,111,1,,,,,
2013/03/26,03,105,1,,,,,
2013/03/26,04,85,2,,,,,
2013/03/26,05,66,1,,,,,
2013/03/26,06,78,2,,,,,
2013/03/26,07,117,1,,,,,
2013/03/26,08,140,4,,,,,
2013/03/26,09,162,7,,,,,
2013/03/26,10,149,3,,,,,
2013/03/26,11,147,2,,,,,
2013/03/26,12,146,2,,,,,
2013/03/26,13,149,2,,,,,
2013/03/26,14,146,2,,,,,
2013/03/26,15,153,2,,,,,
2013/03/26,16,149,2,,,,,
2013/03/26,17,145,2,,,,,
2013/03/26,18,144,1,,,,,
2013/03/26,19,140,1,,,,,
2013/03/26,20,139,1,,,,,
2013/03/26,21,149,1,,,,,
2013/03/26,22,126,1,,,,,
2013/03/26,23,120,1,,,,,
2013/03/26,24,113,1,,,,,
2013/03/27,01,114,1,,,,,
2013/03/27,02,111,1,,,,,
2013/03/27,03,103,2,,,,,
2013/03/27,04,85,2,,,,,
2013/03/27,05,64,2,,,,,
2013/03/27,06,69,2,,,,,
2013/03/27,07,114,2,,,,,
2013/03/27,08,138,4,,,,,
2013/03/27,09,161,6,,,,,
2013/03/27,10,148,5,,,,,
2013/03/27,11,143,6,,,,,
2013/03/27,12,138,6,,,,,
2013/03/27,13,144,7,,,,,
2013/03/27,14,147,7,,,,,
2013/03/27,15,153,7,,,,,
2013/03/27,16,136,7,,,,,
2013/03/27,17,141,8,,,,,
2013/03/27,18,145,5,,,,,
2013/03/27,19,146,1,,,,,
2013/03/27,20,134,2,,,,,
2013/03/27,21,136,1,,,,,
2013/03/27,22,122,1,,,,,
2013/03/27,23,112,1,,,,,
2013/03/27,24,113,1,,,,,
2013/03/28,01,114,1,,,,,
2013/03/28,02,109,1,,,,,
2013/03/28,03,104,2,,,,,
2013/03/28,04,83,2,,,,,
2013/03/28,05,59,2,,,,,
2013/03/28,06,63,3,,,,,
2013/03/28,07,117,3,,,,,
2013/03/28,08,141,6,,,,,
2013/03/28,09,159,7,,,,,
2013/03/28,10,154,7,,,,,
2013/03/28,11,147,6,,,,,
2013/03/28,12,140,6,,,,,
2013/03/28,13,142,5,,,,,
2013/03/28,14,145,4,,,,,
2013/03/28,15,150,1,,,,,
2013/03/28,16,141,2,,,,,
2013/03/28,17,137,1,,,,,
2013/03/28,18,137,1,,,,,
2013/03/28,19,140,1,,,,,
2013/03/28,20,136,1,,,,,
2013/03/28,21,146,1,,,,,
2013/03/28,22,125,1,,,,,
2013/03/28,23,115,1,,,,,
2013/03/28,24,112,1,,,,,
2013/03/29,01,114,1,,,,,
2013/03/29,02,108,1,,,,,
2013/03/29,03,102,2,,,,,
2013/03/29,04,83,2,,,,,
2013/03/29,05,63,2,,,,,
2013/03/29,06,70,2,,,,,
2013/03/29,07,114,2,,,,,
2013/03/29,08,134,3,,,,,
2013/03/29,09,156,5,,,,,
2013/03/29,10,151,1,,,,,
2013/03/29,11,145,1,,,,,
2013/03/29,12,135,1,,,,,
2013/03/29,13,141,1,,,,,
2013/03/29,14,144,1,,,,,
2013/03/29,15,150,1,,,,,
2013/03/29,16,144,1,,,,,
2013/03/29,17,139,1,,,,,
2013/03/29,18,139,1,,,,,
2013/03/29,19,144,1,,,,,
2013/03/29,20,134,1,,,,,
2013/03/29,21,139,1,,,,,
2013/03/29,22,126,1,,,,,
2013/03/29,23,118,1,,,,,
2013/03/29,24,116,1,,,,,
2013/03/30,01,119,1,,,,,
2013/03/30,02,114,1,,,,,
2013/03/30,03,114,1,,,,,
2013/03/30,04,100,2,,,,,
2013/03/30,05,68,2,,,,,
2013/03/30,06,65,1,,,,,
2013/03/30,07,119,2,,,,,
2013/03/30,08,138,4,,,,,
2013/03/30,09,162,7,,,,,
2013/03/30,10,156,6,,,,,
2013/03/30,11,146,6,,,,,
2013/03/30,12,146,5,,,,,
2013/03/30,13,144,2,,,,,
2013/03/30,14,143,2,,,,,
2013/03/30,15,153,2,,,,,
2013/03/30,16,144,2,,,,,
2013/03/30,17,143,2,,,,,
2013/03/30,18,138,1,,,,,
2013/03/30,19,143,1,,,,,
2013/03/30,20,138,1,,,,,
2013/03/30,21,147,1,,,,,
2013/03/30,22,127,1,,,,,
2013/03/30,23,116,1,,,,,
2013/03/30,24,113,1,,,,,
2013/03/31,01,115,1,,,,,
2013/03/31,02,112,2,,,,,
2013/03/31,03,105,2,,,,,
2013/03/31,04,88,2,,,,,
2013/03/31,05,66,2,,,,,
2013/03/31,06,71,2,,,,,
2013/03/31,07,117,2,,,,,
2013/03/31,08,143,6,,,,,
2013/03/31,09,160,2,,,,,
2013/03/31,10,145,2,,,,,
2013/03/31,11,140,1,,,,,
2013/03/31,12,136,1,,,,,
2013/03/31,13,143,1,,,,,
2013/03/31,14,144,1,,,,,
2013/03/31,15,149,1,,,,,
2013/03/31,16,136,1,,,,,
2013/03/31,17,138,1,,,,,
2013/03/31,18,135,1,,,,,
2013/03/31,19,142,1,,,,,
2013/03/31,20,133,1,,,,,
2013/03/31,21,137,1,,,,,
2013/03/31,22,120,1,,,,,
2013/03/31,23,115,1,,,,,
2013/03/31,24,112,2,,,,,
2013/04/01,01,116,3,,,,,
2013/04/01,02,107,1,,,,,
2013/04/01,03,103,2,,,,,
2013/04/01,04,89,3,,,,,
2013/04/01,05,105,3,,,,,
2013/04/01,06,106,2,,,,,
2013/04/01,07,126,1,,,,,
2013/04/01,08,139,5,,,,,
2013/04/01,09,159,7,,,,,
2013/04/01,10,153,7,,,,,
2013/04/01,11,148,7,,,,,
2013/04/01,12,143,6,,,,,
2013/04/01,13,147,7,,,,,
2013/04/01,14,148,6,,,,,
2013/04/01,15,153,6,,,,,
2013/04/01,16,138,2,,,,,
2013/04/01,17,141,2,,,,,
2013/04/01,18,138,1,,,,,
2013/04/01,19,142,1,,,,,
2013/04/01,20,134,1,,,,,
2013/04/01,21,138,1,,,,,
2013/04/01,22,123,1,,,,,
2013/04/01,23,114,1,,,,,
2013/04/01,24,113,1,,,,,
2013/04/02,01,115,1,,,,,
2013/04/02,02,110,1,,,,,
2013/04/02,03,100,2,,,,,
2013/04/02,04,88,3,,,,,
2013/04/02,05,89,2,,,,,
2013/04/02,06,92,2,,,,,
2013/04/02,07,122,1,,,,,
2013/04/02,08,134,2,,,,,
2013/04/02,09,155,2,,,,,
2013/04/02,10,152,2,,,,,
2013/04/02,11,144,1,,,,,
2013/04/02,12,147,4,,,,,
2013/04/02,13,151,6,,,,,
2013/04/02,14,149,5,,,,,
2013/04/02,15,152,2,,,,,
2013/04/02,16,151,2,,,,,
2013/04/02,17,142,2,,,,,
2013/04/02,18,140,2,,,,,
2013/04/02,19,143,1,,,,,
2013/04/02,20,138,1,,,,,
2013/04/02,21,153,1,,,,,
2013/04/02,22,131,1,,,,,
2013/04/02,23,121,1,,,,,
2013/04/02,24,115,1,,,,,
2013/04/03,01,116,1,,,,,
2013/04/03,02,113,1,,,,,
2013/04/03,03,102,2,,,,,
2013/04/03,04,90,2,,,,,
2013/04/03,05,92,2,,,,,
2013/04/03,06,90,2,,,,,
2013/04/03,07,116,1,,,,,
2013/04/03,08,140,5,,,,,
2013/04/03,09,161,7,,,,,
2013/04/03,10,155,6,,,,,
2013/04/03,11,150,6,,,,,
2013/04/03,12,142,5,,,,,
2013/04/03,13,146,6,,,,,
2013/04/03,14,148,6,,,,,
2013/04/03,15,149,6,,,,,
2013/04/03,16,138,5,,,,,
2013/04/03,17,143,6,,,,,
2013/04/03,18,139,6,,,,,
2013/04/03,19,146,5,,,,,
2013/04/03,20,139,5,,,,,
2013/04/03,21,140,2,,,,,
2013/04/03,22,123,1,,,,,
2013/04/03,23,116,1,,,,,
2013/04/03,24,115,1,,,,,
2013/04/04,01,118,1,,,,,
2013/04/04,02,112,1,,,,,
2013/04/04,03,104,2,,,,,
2013/04/04,04,79,2,,,,,
2013/04/04,05,91,2,,,,,
2013/04/04,06,89,2,,,,,
2013/04/04,07,124,4,,,,,
2013/04/04,08,133,6,,,,,
2013/04/04,09,160,6,,,,,
2013/04/04,10,154,5,,,,,
2013/04/04,11,149,4,,,,,
2013/04/04,12,139,2,,,,,
2013/04/04,13,141,2,,,,,
2013/04/04,14,148,2,,,,,
2013/04/04,15,150,2,,,,,
2013/04/04,16,145,1,,,,,
2013/04/04,17,139,2,,,,,
2013/04/04,18,136,2,,,,,
2013/04/04,19,144,1,,,,,
2013/04/04,20,138,1,,,,,
2013/04/04,21,147,1,,,,,
2013/04/04,22,127,1,,,,,
2013/04/04,23,119,1,,,,,
2013/04/04,24,114,1,,,,,
2013/04/05,01,116,1,,,,,
2013/04/05,02,111,1,,,,,
2013/04/05,03,102,2,,,,,
2013/04/05,04,85,2,,,,,
2013/04/05,05,89,2,,,,,
2013/04/05,06,92,2,,,,,
2013/04/05,07,114,2,,,,,
2013/04/05,08,133,5,,,,,
2013/04/05,09,159,7,,,,,
2013/04/05,10,151,7,,,,,
2013/04/05,11,146,6,,,,,
2013/04/05,12,136,6,,,,,
2013/04/05,13,146,7,,,,,
2013/04/05,14,163,21,,,,,
2013/04/05,15,157,13,,,,,
2013/04/05,16,148,14,,,,,
2013/04/05,17,147,13,,,,,
2013/04/05,18,144,14,,,,,
2013/04/05,19,155,14,,,,,
2013/04/05,20,143,12,,,,,
2013/04/05,21,146,10,,,,,
2013/04/05,22,123,1,,,,,
2013/04/05,23,115,1,,,,,
2013/04/05,24,112,1,,,,,
2013/04/06,01,117,1,,,,,
2013/04/06,02,112,1,,,,,
2013/04/06,03,102,2,,,,,
2013/04/06,04,88,3,,,,,
2013/04/06,05,84,3,,,,,
2013/04/06,06,85,3,,,,,
2013/04/06,07,114,2,,,,,
2013/04/06,08,133,4,,,,,
2013/04/06,09,160,6,,,,,
2013/04/06,10,146,7,,,,,
2013/04/06,11,147,7,,,,,
2013/04/06,12,137,6,,,,,
2013/04/06,13,147,7,,,,,
2013/04/06,14,146,6,,,,,
2013/04/06,15,146,7,,,,,
2013/04/06,16,136,6,,,,,
2013/04/06,17,138,7,,,,,
2013/04/06,18,137,6,,,,,
2013/04/06,19,142,6,,,,,
2013/04/06,20,139,6,,,,,
2013/04/06,21,145,6,,,,,
2013/04/06,22,128,6,,,,,
2013/04/06,23,119,2,,,,,
2013/04/06,24,111,2,,,,,
2013/04/07,01,113,1,,,,,
2013/04/07,02,112,2,,,,,
2013/04/07,03,101,3,,,,,
2013/04/07,04,88,3,,,,,
2013/04/07,05,91,3,,,,,
2013/04/07,06,84,3,,,,,
2013/04/07,07,111,1,,,,,
2013/04/07,08,132,5,,,,,
2013/04/07,09,155,7,,,,,
2013/04/07,10,149,7,,,,,
2013/04/07,11,158,21,,,,,
2013/04/07,12,149,19,,,,,
2013/04/07,13,159,16,,,,,
2013/04/07,14,156,15,,,,,
2013/04/07,15,161,15,,,,,
2013/04/07,16,152,15,,,,,
2013/04/07,17,150,15,,,,,
2013/04/07,18,147,13,,,,,
2013/04/07,19,150,11,,,,,
2013/04/07,20,149,12,,,,,
2013/04/07,21,149,10,,,,,
2013/04/07,22,125,1,,,,,
2013/04/07,23,116,1,,,,,
2013/04/07,24,116,2,,,,,
2013/04/08,01,117,1,,,,,
2013/04/08,02,112,1,,,,,
2013/04/08,03,104,3,,,,,
2013/04/08,04,76,3,,,,,
2013/04/08,05,98,2,,,,,
2013/04/08,06,101,2,,,,,
2013/04/08,07,118,2,,,,,
2013/04/08,08,136,6,,,,,
2013/04/08,09,157,6,,,,,
2013/04/08,10,148,6,,,,,
2013/04/08,11,146,6,,,,,
2013/04/08,12,139,5,,,,,
2013/04/08,13,148,5,,,,,
2013/04/08,14,148,5,,,,,
2013/04/08,15,148,1,,,,,
2013/04/08,16,139,1,,,,,
2013/04/08,17,137,1,,,,,
2013/04/08,18,136,1,,,,,
2013/04/08,19,139,1,,,,,
2013/04/08,20,133,1,,,,,
2013/04/08,21,146,1,,,,,
2013/04/08,22,121,1,,,,,
2013/04/08,23,119,1,,,,,
2013/04/08,24,115,1,,,,,
2013/04/09,01,116,1,,,,,
2013/04/09,02,111,1,,,,,
2013/04/09,03,102,1,,,,,
2013/04/09,04,86,2,,,,,
2013/04/09,05,91,1,,,,,
2013/04/09,06,93,2,,,,,
2013/04/09,07,130,3,,,,,
2013/04/09,08,134,7,,,,,
2013/04/09,09,161,7,,,,,
2013/04/09,10,151,4,,,,,
2013/04/09,11,145,2,,,,,
2013/04/09,12,141,1,,,,,
2013/04/09,13,146,2,,,,,
2013/04/09,14,147,2,,,,,
2013/04/09,15,153,2,,,,,
2013/04/09,16,149,1,,,,,
2013/04/09,17,139,2,,,,,
2013/04/09,18,140,2,,,,,
2013/04/09,19,144,1,,,,,
2013/04/09,20,144,1,,,,,
2013/04/09,21,148,1,,,,,
2013/04/09,22,129,1,,,,,
2013/04/09,23,121,1,,,,,
2013/04/09,24,116,1,,,,,
2013/04/10,01,118,1,,,,,
2013/04/10,02,112,1,,,,,
2013/04/10,03,102,2,,,,,
2013/04/10,04,89,2,,,,,
2013/04/10,05,94,3,,,,,
2013/04/10,06,90,2,,,,,
2013/04/10,07,111,1,,,,,
2013/04/10,08,132,5,,,,,
2013/04/10,09,159,7,,,,,
2013/04/10,10,151,4,,,,,
2013/04/10,11,142,2,,,,,
2013/04/10,12,137,2,,,,,
2013/04/10,13,140,1,,,,,
2013/04/10,14,145,2,,,,,
2013/04/10,15,147,2,,,,,
2013/04/10,16,136,2,,,,,
2013/04/10,17,137,2,,,,,
2013/04/10,18,136,1,,,,,
2013/04/10,19,144,1,,,,,
2013/04/10,20,138,1,,,,,
2013/04/10,21,139,1,,,,,
2013/04/10,22,122,1,,,,,
2013/04/10,23,114,1,,,,,
2013/04/10,24,114,1,,,,,
2013/04/11,01,117,1,,,,,
2013/04/11,02,111,1,,,,,
2013/04/11,03,103,2,,,,,
2013/04/11,04,88,2,,,,,
2013/04/11,05,82,3,,,,,
2013/04/11,06,87,3,,,,,
2013/04/11,07,115,2,,,,,
2013/04/11,08,137,6,,,,,
2013/04/11,09,159,6,,,,,
2013/04/11,10,151,6,,,,,
2013/04/11,11,143,7,,,,,
2013/04/11,12,142,6,,,,,
2013/04/11,13,143,7,,,,,
2013/04/11,14,144,6,,,,,
2013/04/11,15,149,2,,,,,
2013/04/11,16,138,1,,,,,
2013/04/11,17,139,2,,,,,
2013/04/11,18,136,2,,,,,
2013/04/11,19,138,1,,,,,
2013/04/11,20,134,1,,,,,
2013/04/11,21,144,1,,,,,
2013/04/11,22,135,1,,,,,
2013/04/11,23,120,1,,,,,
2013/04/11,24,113,1,,,,,
2013/04/12,01,116,1,,,,,
2013/04/12,02,112,1,,,,,
2013/04/12,03,104,3,,,,,
2013/04/12,04,89,3,,,,,
2013/04/12,05,91,3,,,,,
2013/04/12,06,92,2,,,,,
2013/04/12,07,116,2,,,,,
2013/04/12,08,134,5,,,,,
2013/04/12,09,163,7,,,,,
2013/04/12,10,154,7,,,,,
2013/04/12,11,147,7,,,,,
2013/04/12,12,145,6,,,,,
2013/04/12,13,148,6,,,,,
2013/04/12,14,146,3,,,,,
2013/04/12,15,146,2,,,,,
2013/04/12,16,137,1,,,,,
2013/04/12,17,138,2,,,,,
2013/04/12,18,135,2,,,,,
2013/04/12,19,141,1,,,,,
2013/04/12,20,133,1,,,,,
2013/04/12,21,138,1,,,,,
2013/04/12,22,122,1,,,,,
2013/04/12,23,114,1,,,,,
2013/04/12,24,113,1,,,,,
2013/04/13,01,116,1,,,,,
2013/04/13,02,111,1,,,,,
2013/04/13,03,104,2,,,,,
2013/04/13,04,88,2,,,,,
2013/04/13,05,93,2,,,,,
2013/04/13,06,91,2,,,,,
2013/04/13,07,114,1,,,,,
2013/04/13,08,135,5,,,,,
2013/04/13,09,164,7,,,,,
2013/04/13,10,147,7,,,,,
2013/04/13,11,146,6,,,,,
2013/04/13,12,140,5,,,,,
2013/04/13,13,141,6,,,,,
2013/04/13,14,144,4,,,,,
2013/04/13,15,146,2,,,,,
2013/04/13,16,144,2,,,,,
2013/04/13,17,135,2,,,,,
2013/04/13,18,133,2,,,,,
2013/04/13,19,136,1,,,,,
2013/04/13,20,134,1,,,,,
2013/04/13,21,144,1,,,,,
2013/04/13,22,127,1,,,,,
2013/04/13,23,117,1,,,,,
2013/04/13,24,115,2,,,,,
2013/04/14,01,118,2,,,,,
2013/04/14,02,113,1,,,,,
2013/04/14,03,105,3,,,,,
2013/04/14,04,89,2,,,,,
2013/04/14,05,92,2,,,,,
2013/04/14,06,93,2,,,,,
2013/04/14,07,113,1,,,,,
2013/04/14,08,131,4,,,,,
2013/04/14,09,159,6,,,,,
2013/04/14,10,151,5,,,,,
2013/04/14,11,138,2,,,,,
2013/04/14,12,137,2,,,,,
2013/04/14,13,141,2,,,,,
2013/04/14,14,144,2,,,,,
2013/04/14,15,147,1,,,,,
2013/04/14,16,136,2,,,,,
2013/04/14,17,137,2,,,,,
2013/04/14,18,136,2,,,,,
2013/04/14,19,134,1,,,,,
2013/04/14,20,133,1,,,,,
2013/04/14,21,150,1,,,,,
2013/04/14,22,126,1,,,,,
2013/04/14,23,120,1,,,,,
2013/04/14,24,114,1,,,,,
2013/04/15,01,117,1,,,,,
2013/04/15,02,112,1,,,,,
2013/04/15,03,102,1,,,,,
2013/04/15,04,87,3,,,,,
2013/04/15,05,91,3,,,,,
2013/04/15,06,95,2,,,,,
2013/04/15,07,117,2,,,,,
2013/04/15,08,141,6,,,,,
2013/04/15,09,160,6,,,,,
2013/04/15,10,151,5,,,,,
2013/04/15,11,148,5,,,,,
2013/04/15,12,145,5,,,,,
2013/04/15,13,147,5,,,,,
2013/04/15,14,154,5,,,,,
2013/04/15,15,148,5,,,,,
2013/04/15,16,142,2,,,,,
2013/04/15,17,143,1,,,,,
2013/04/15,18,143,2,,,,,
2013/04/15,19,140,2,,,,,
2013/04/15,20,131,1,,,,,
2013/04/15,21,145,1,,,,,
2013/04/15,22,133,1,,,,,
2013/04/15,23,119,1,,,,,
2013/04/15,24,115,1,,,,,
2013/04/16,01,118,1,,,,,
2013/04/16,02,113,1,,,,,
2013/04/16,03,103,1,,,,,
2013/04/16,04,87,2,,,,,
2013/04/16,05,91,1,,,,,
2013/04/16,06,93,2,,,,,
2013/04/16,07,130,1,,,,,
2013/04/16,08,129,2,,,,,
2013/04/16,09,156,2,,,,,
2013/04/16,10,157,2,,,,,
2013/04/16,11,149,2,,,,,
2013/04/16,12,148,2,,,,,
2013/04/16,13,151,2,,,,,
2013/04/16,14,152,1,,,,,
2013/04/16,15,153,2,,,,,
2013/04/16,16,147,2,,,,,
2013/04/16,17,144,2,,,,,
2013/04/16,18,144,2,,,,,
2013/04/16,19,150,2,,,,,
2013/04/16,20,141,1,,,,,
2013/04/16,21,147,1,,,,,
2013/04/16,22,130,1,,,,,
2013/04/16,23,125,1,,,,,
2013/04/16,24,116,1,,,,,
2013/04/17,01,118,1,,,,,
2013/04/17,02,114,1,,,,,
2013/04/17,03,106,1,,,,,
2013/04/17,04,91,2,,,,,
2013/04/17,05,89,1,,,,,
2013/04/17,06,94,1,,,,,
2013/04/17,07,122,1,,,,,
2013/04/17,08,132,3,,,,,
2013/04/17,09,157,2,,,,,
2013/04/17,10,149,3,,,,,
2013/04/17,11,142,2,,,,,
2013/04/17,12,145,2,,,,,
2013/04/17,13,143,2,,,,,
2013/04/17,14,148,2,,,,,
2013/04/17,15,152,2,,,,,
2013/04/17,16,139,2,,,,,
2013/04/17,17,141,2,,,,,
2013/04/17,18,139,2,,,,,
2013/04/17,19,148,2,,,,,
2013/04/17,20,140,1,,,,,
2013/04/17,21,145,1,,,,,
2013/04/17,22,126,1,,,,,
2013/04/17,23,118,1,,,,,
2013/04/17,24,116,1,,,,,
2013/04/18,01,119,1,,,,,
2013/04/18,02,115,1,,,,,
2013/04/18,03,106,2,,,,,
2013/04/18,04,91,2,,,,,
2013/04/18,05,95,2,,,,,
2013/04/18,06,96,2,,,,,
2013/04/18,07,117,1,,,,,
2013/04/18,08,141,5,,,,,
2013/04/18,09,160,6,,,,,
2013/04/18,10,146,2,,,,,
2013/04/18,11,148,2,,,,,
2013/04/18,12,138,2,,,,,
2013/04/18,13,140,2,,,,,
2013/04/18,14,142,1,,,,,
2013/04/18,15,147,2,,,,,
2013/04/18,16,134,2,,,,,
2013/04/18,17,136,1,,,,,
2013/04/18,18,136,1,,,,,
2013/04/18,19,140,1,,,,,
2013/04/18,20,131,1,,,,,
2013/04/18,21,140,1,,,,,
2013/04/18,22,126,1,,,,,
2013/04/18,23,117,1,,,,,
2013/04/18,24,116,1,,,,,
2013/04/19,01,117,1,,,,,
2013/04/19,02,113,1,,,,,
2013/04/19,03,103,1,,,,,
2013/04/19,04,88,3,,,,,
2013/04/19,05,92,2,,,,,
2013/04/19,06,95,2,,,,,
2013/04/19,07,128,2,,,,,
2013/04/19,08,135,6,,,,,
2013/04/19,09,162,7,,,,,
2013/04/19,10,152,7,,,,,
2013/04/19,11,144,3,,,,,
2013/04/19,12,143,2,,,,,
2013/04/19,13,143,2,,,,,
2013/04/19,14,144,3,,,,,
2013/04/19,15,148,6,,,,,
2013/04/19,16,144,6,,,,,
2013/04/19,17,143,6,,,,,
2013/04/19,18,139,6,,,,,
2013/04/19,19,141,6,,,,,
2013/04/19,20,137,4,,,,,
2013/04/19,21,150,1,,,,,
2013/04/19,22,127,1,,,,,
2013/04/19,23,119,1,,,,,
2013/04/19,24,115,2,,,,,
2013/04/20,01,118,1,,,,,
2013/04/20,02,112,1,,,,,
2013/04/20,03,104,2,,,,,
2013/04/20,04,90,3,,,,,
2013/04/20,05,94,3,,,,,
2013/04/20,06,90,3,,,,,
2013/04/20,07,116,2,,,,,
2013/04/20,08,137,5,,,,,
2013/04/20,09,164,7,,,,,
2013/04/20,10,147,6,,,,,
2013/04/20,11,141,7,,,,,
2013/04/20,12,140,6,,,,,
2013/04/20,13,142,6,,,,,
2013/04/20,14,145,4,,,,,
2013/04/20,15,150,3,,,,,
2013/04/20,16,152,19,,,,,
2013/04/20,17,152,16,,,,,
2013/04/20,18,151,15,,,,,
2013/04/20,19,152,14,,,,,
2013/04/20,20,153,12,,,,,
2013/04/20,21,150,10,,,,,
2013/04/20,22,126,1,,,,,
2013/04/20,23,118,1,,,,,
2013/04/20,24,115,1,,,,,
2013/04/21,01,118,1,,,,,
2013/04/21,02,116,1,,,,,
2013/04/21,03,113,3,,,,,
2013/04/21,04,101,3,,,,,
2013/04/21,05,106,2,,,,,
2013/04/21,06,102,2,,,,,
2013/04/21,07,113,1,,,,,
2013/04/21,08,132,4,,,,,
2013/04/21,09,159,7,,,,,
2013/04/21,10,153,7,,,,,
2013/04/21,11,162,19,,,,,
2013/04/21,12,156,15,,,,,
2013/04/21,13,159,14,,,,,
2013/04/21,14,158,13,,,,,
2013/04/21,15,162,14,,,,,
2013/04/21,16,154,14,,,,,
2013/04/21,17,152,13,,,,,
2013/04/21,18,152,13,,,,,
2013/04/21,19,159,12,,,,,
2013/04/21,20,151,13,,,,,
2013/04/21,21,156,11,,,,,
2013/04/21,22,132,1,,,,,
2013/04/21,23,120,1,,,,,
2013/04/21,24,116,1,,,,,
2013/04/22,01,119,1,,,,,
2013/04/22,02,115,1,,,,,
2013/04/22,03,106,2,,,,,
2013/04/22,04,91,2,,,,,
2013/04/22,05,93,3,,,,,
2013/04/22,06,91,2,,,,,
2013/04/22,07,116,1,,,,,
2013/04/22,08,143,5,,,,,
2013/04/22,09,165,6,,,,,
2013/04/22,10,155,5,,,,,
2013/04/22,11,153,11,,,,,
2013/04/22,12,157,13,,,,,
2013/04/22,13,157,12,,,,,
2013/04/22,14,158,13,,,,,
2013/04/22,15,159,13,,,,,
2013/04/22,16,158,11,,,,,
2013/04/22,17,154,11,,,,,
2013/04/22,18,150,13,,,,,
2013/04/22,19,157,11,,,,,
2013/04/22,20,153,11,,,,,
2013/04/22,21,156,9,,,,,
2013/04/22,22,139,1,,,,,
2013/04/22,23,126,1,,,,,
2013/04/22,24,117,1,,,,,
2013/04/23,01,118,1,,,,,
2013/04/23,02,113,1,,,,,
2013/04/23,03,105,1,,,,,
2013/04/23,04,89,3,,,,,
2013/04/23,05,92,2,,,,,
2013/04/23,06,91,2,,,,,
2013/04/23,07,126,3,,,,,
2013/04/23,08,137,6,,,,,
2013/04/23,09,162,7,,,,,
2013/04/23,10,163,5,,,,,
2013/04/23,11,151,2,,,,,
2013/04/23,12,148,2,,,,,
2013/04/23,13,151,2,,,,,
2013/04/23,14,151,2,,,,,
2013/04/23,15,158,1,,,,,
2013/04/23,16,144,2,,,,,
2013/04/23,17,148,2,,,,,
2013/04/23,18,140,2,,,,,
2013/04/23,19,146,2,,,,,
2013/04/23,20,144,1,,,,,
2013/04/23,21,158,1,,,,,
2013/04/23,22,133,1,,,,,
2013/04/23,23,125,1,,,,,
2013/04/23,24,116,1,,,,,
2013/04/24,01,118,1,,,,,
2013/04/24,02,115,1,,,,,
2013/04/24,03,106,2,,,,,
2013/04/24,04,91,3,,,,,
2013/04/24,05,95,3,,,,,
2013/04/24,06,96,2,,,,,
2013/04/24,07,115,1,,,,,
2013/04/24,08,138,5,,,,,
2013/04/24,09,159,4,,,,,
2013/04/24,10,153,2,,,,,
2013/04/24,11,144,2,,,,,
2013/04/24,12,137,2,,,,,
2013/04/24,13,143,2,,,,,
2013/04/24,14,143,2,,,,,
2013/04/24,15,147,2,,,,,
2013/04/24,16,137,2,,,,,
2013/04/24,17,139,2,,,,,
2013/04/24,18,139,1,,,,,
2013/04/24,19,149,1,,,,,
2013/04/24,20,139,1,,,,,
2013/04/24,21,142,1,,,,,
2013/04/24,22,126,1,,,,,
2013/04/24,23,116,1,,,,,
2013/04/24,24,117,1,,,,,
2013/04/25,01,118,1,,,,,
2013/04/25,02,112,1,,,,,
2013/04/25,03,105,2,,,,,
2013/04/25,04,81,2,,,,,
2013/04/25,05,92,3,,,,,
2013/04/25,06,85,2,,,,,
2013/04/25,07,116,2,,,,,
2013/04/25,08,140,6,,,,,
2013/04/25,09,162,6,,,,,
2013/04/25,10,155,5,,,,,
2013/04/25,11,144,1,,,,,
2013/04/25,12,143,1,,,,,
2013/04/25,13,144,2,,,,,
2013/04/25,14,145,2,,,,,
2013/04/25,15,149,1,,,,,
2013/04/25,16,146,2,,,,,
2013/04/25,17,143,2,,,,,
2013/04/25,18,143,2,,,,,
2013/04/25,19,153,2,,,,,
2013/04/25,20,146,1,,,,,
2013/04/25,21,148,1,,,,,
2013/04/25,22,130,1,,,,,
2013/04/25,23,126,1,,,,,
2013/04/25,24,118,1,,,,,
2013/04/26,01,118,1,,,,,
2013/04/26,02,115,1,,,,,
2013/04/26,03,105,1,,,,,
2013/04/26,04,90,1,,,,,
2013/04/26,05,92,1,,,,,
2013/04/26,06,96,2,,,,,
2013/04/26,07,120,1,,,,,
2013/04/26,08,141,2,,,,,
2013/04/26,09,161,2,,,,,
2013/04/26,10,152,2,,,,,
2013/04/26,11,145,2,,,,,
2013/04/26,12,141,2,,,,,
2013/04/26,13,154,2,,,,,
2013/04/26,14,148,2,,,,,
2013/04/26,15,152,2,,,,,
2013/04/26,16,148,2,,,,,
2013/04/26,17,144,2,,,,,
2013/04/26,18,143,2,,,,,
2013/04/26,19,145,1,,,,,
2013/04/26,20,147,1,,,,,
2013/04/26,21,150,1,,,,,
2013/04/26,22,134,1,,,,,
2013/04/26,23,127,1,,,,,
2013/04/26,24,122,1,,,,,
2013/04/27,01,124,1,,,,,
2013/04/27,02,121,1,,,,,
2013/04/27,03,109,1,,,,,
2013/04/27,04,95,3,,,,,
2013/04/27,05,99,2,,,,,
2013/04/27,06,99,2,,,,,
2013/04/27,07,124,1,,,,,
2013/04/27,08,140,5,,,,,
2013/04/27,09,165,7,,,,,
2013/04/27,10,154,3,,,,,
2013/04/27,11,144,2,,,,,
2013/04/27,12,141,2,,,,,
2013/04/27,13,145,2,,,,,
2013/04/27,14,150,2,,,,,
2013/04/27,15,154,2,,,,,
2013/04/27,16,142,2,,,,,
2013/04/27,17,146,2,,,,,
2013/04/27,18,141,3,,,,,
2013/04/27,19,145,2,,,,,
2013/04/27,20,140,1,,,,,
2013/04/27,21,154,1,,,,,
2013/04/27,22,132,1,,,,,
2013/04/27,23,120,1,,,,,
2013/04/27,24,117,1,,,,,
2013/04/28,01,121,1,,,,,
2013/04/28,02,117,1,,,,,
2013/04/28,03,107,1,,,,,
2013/04/28,04,91,2,,,,,
2013/04/28,05,96,2,,,,,
2013/04/28,06,96,1,,,,,
2013/04/28,07,115,1,,,,,
2013/04/28,08,135,2,,,,,
2013/04/28,09,158,2,,,,,
2013/04/28,10,159,2,,,,,
2013/04/28,11,144,2,,,,,
2013/04/28,12,147,3,,,,,
2013/04/28,13,147,2,,,,,
2013/04/28,14,150,2,,,,,
2013/04/28,15,155,2,,,,,
2013/04/28,16,146,2,,,,,
2013/04/28,17,148,2,,,,,
2013/04/28,18,143,3,,,,,
2013/04/28,19,152,2,,,,,
2013/04/28,20,146,1,,,,,
2013/04/28,21,147,1,,,,,
2013/04/28,22,132,1,,,,,
2013/04/28,23,121,1,,,,,
2013/04/28,24,119,1,,,,,
2013/04/29,01,121,1,,,,,
2013/04/29,02,118,1,,,,,
2013/04/29,03,108,1,,,,,
2013/04/29,04,93,1,,,,,
2013/04/29,05,96,1,,,,,
2013/04/29,06,96,1,,,,,
2013/04/29,07,121,2,,,,,
2013/04/29,08,141,1,,,,,
2013/04/29,09,161,2,,,,,
2013/04/29,10,156,2,,,,,
2013/04/29,11,150,2,,,,,
2013/04/29,12,145,2,,,,,
2013/04/29,13,146,2,,,,,
2013/04/29,14,148,2,,,,,
2013/04/29,15,148,2,,,,,
2013/04/29,16,147,2,,,,,
2013/04/29,17,144,2,,,,,
2013/04/29,18,142,2,,,,,
2013/04/29,19,141,2,,,,,
2013/04/29,20,139,1,,,,,
2013/04/29,21,150,1,,,,,
2013/04/29,22,126,1,,,,,
2013/04/29,23,121,1,,,,,
2013/04/29,24,117,1,,,,,
2013/04/30,01,119,1,,,,,
2013/04/30,02,116,1,,,,,
2013/04/30,03,106,1,,,,,
2013/04/30,04,92,2,,,,,
2013/04/30,05,95,2,,,,,
2013/04/30,06,95,1,,,,,
2013/04/30,07,131,6,,,,,
2013/04/30,08,153,16,,,,,
2013/04/30,09,173,14,,,,,
2013/04/30,10,162,8,,,,,
2013/04/30,11,159,9,,,,,
2013/04/30,12,159,9,,,,,
2013/04/30,13,157,9,,,,,
2013/04/30,14,158,9,,,,,
2013/04/30,15,162,9,,,,,
2013/04/30,16,157,8,,,,,
2013/04/30,17,154,9,,,,,
2013/04/30,18,155,7,,,,,
2013/04/30,19,161,7,,,,,
2013/04/30,20,154,7,,,,,
2013/04/30,21,166,6,,,,,
2013/04/30,22,143,1,,,,,
2013/04/30,23,131,1,,,,,
2013/04/30,24,123,1,,,,,
2013/05/01,01,123,1,,,,,
2013/05/01,02,118,1,,,,,
2013/05/01,03,113,2,,,,,
2013/05/01,04,99,2,,,,,
2013/05/01,05,97,1,,,,,
2013/05/01,06,98,2,,,,,
2013/05/01,07,120,1,,,,,
2013/05/01,08,138,2,,,,,
2013/05/01,09,156,3,,,,,
2013/05/01,10,165,3,,,,,
2013/05/01,11,159,2,,,,,
2013/05/01,12,150,2,,,,,
2013/05/01,13,150,2,,,,,
2013/05/01,14,155,2,,,,,
2013/05/01,15,161,2,,,,,
2013/05/01,16,149,2,,,,,
2013/05/01,17,151,2,,,,,
2013/05/01,18,151,2,,,,,
2013/05/01,19,162,2,,,,,
2013/05/01,20,150,1,,,,,
2013/05/01,21,152,1,,,,,
2013/05/01,22,135,1,,,,,
2013/05/01,23,124,1,,,,,
2013/05/01,24,120,1,,,,,
2013/05/02,01,122,1,,,,,
2013/05/02,02,118,1,,,,,
2013/05/02,03,108,1,,,,,
2013/05/02,04,94,1,,,,,
2013/05/02,05,93,1,,,,,
2013/05/02,06,91,1,,,,,
2013/05/02,07,126,2,,,,,
2013/05/02,08,147,2,,,,,
2013/05/02,09,166,3,,,,,
2013/05/02,10,159,3,,,,,
2013/05/02,11,148,3,,,,,
2013/05/02,12,148,3,,,,,
2013/05/02,13,149,2,,,,,
2013/05/02,14,154,2,,,,,
2013/05/02,15,153,2,,,,,
2013/05/02,16,154,4,,,,,
2013/05/02,17,149,4,,,,,
2013/05/02,18,148,2,,,,,
2013/05/02,19,157,2,,,,,
2013/05/02,20,149,2,,,,,
2013/05/02,21,148,1,,,,,
2013/05/02,22,133,1,,,,,
2013/05/02,23,126,1,,,,,
2013/05/02,24,123,1,,,,,
2013/05/03,01,124,1,,,,,
2013/05/03,02,120,1,,,,,
2013/05/03,03,109,1,,,,,
2013/05/03,04,94,1,,,,,
2013/05/03,05,98,1,,,,,
2013/05/03,06,101,1,,,,,
2013/05/03,07,124,1,,,,,
2013/05/03,08,144,2,,,,,
2013/05/03,09,164,3,,,,,
2013/05/03,10,161,3,,,,,
2013/05/03,11,153,3,,,,,
2013/05/03,12,150,2,,,,,
2013/05/03,13,152,2,,,,,
2013/05/03,14,152,2,,,,,
2013/05/03,15,157,3,,,,,
2013/05/03,16,149,4,,,,,
2013/05/03,17,151,4,,,,,
2013/05/03,18,147,4,,,,,
2013/05/03,19,150,4,,,,,
2013/05/03,20,149,3,,,,,
2013/05/03,21,155,3,,,,,
2013/05/03,22,136,3,,,,,
2013/05/03,23,130,2,,,,,
2013/05/03,24,119,1,,,,,
2013/05/04,01,120,1,,,,,
2013/05/04,02,117,1,,,,,
2013/05/04,03,107,1,,,,,
2013/05/04,04,93,1,,,,,
2013/05/04,05,95,1,,,,,
2013/05/04,06,98,1,,,,,
2013/05/04,07,122,1,,,,,
2013/05/04,08,138,2,,,,,
2013/05/04,09,161,3,,,,,
2013/05/04,10,153,3,,,,,
2013/05/04,11,147,2,,,,,
2013/05/04,12,143,2,,,,,
2013/05/04,13,146,2,,,,,
2013/05/04,14,149,2,,,,,
2013/05/04,15,152,2,,,,,
2013/05/04,16,142,2,,,,,
2013/05/04,17,145,2,,,,,
2013/05/04,18,141,2,,,,,
2013/05/04,19,149,2,,,,,
2013/05/04,20,144,1,,,,,
2013/05/04,21,151,1,,,,,
2013/05/04,22,131,1,,,,,
2013/05/04,23,125,1,,,,,
2013/05/04,24,119,1,,,,,
2013/05/05,01,122,1,,,,,
2013/05/05,02,117,1,,,,,
2013/05/05,03,103,1,,,,,
2013/05/05,04,81,1,,,,,
2013/05/05,05,92,1,,,,,
2013/05/05,06,93,1,,,,,
2013/05/05,07,120,1,,,,,
2013/05/05,08,137,1,,,,,
2013/05/05,09,153,2,,,,,
2013/05/05,10,158,2,,,,,
2013/05/05,11,149,3,,,,,
2013/05/05,12,144,2,,,,,
2013/05/05,13,148,2,,,,,
2013/05/05,14,153,3,,,,,
2013/05/05,15,160,2,,,,,
2013/05/05,16,145,2,,,,,
2013/05/05,17,141,2,,,,,
2013/05/05,18,141,2,,,,,
2013/05/05,19,151,2,,,,,
2013/05/05,20,139,1,,,,,
2013/05/05,21,144,1,,,,,
2013/05/05,22,131,1,,,,,
2013/05/05,23,120,1,,,,,
2013/05/05,24,117,1,,,,,
2013/05/06,01,121,1,,,,,
2013/05/06,02,116,1,,,,,
2013/05/06,03,107,1,,,,,
2013/05/06,04,94,1,,,,,
2013/05/06,05,96,1,,,,,
2013/05/06,06,97,1,,,,,
2013/05/06,07,120,1,,,,,
2013/05/06,08,140,2,,,,,
2013/05/06,09,161,2,,,,,
2013/05/06,10,152,2,,,,,
2013/05/06,11,143,3,,,,,
2013/05/06,12,142,2,,,,,
2013/05/06,13,140,2,,,,,
2013/05/06,14,145,1,,,,,
2013/05/06,15,150,1,,,,,
2013/05/06,16,139,2,,,,,
2013/05/06,17,153,15,,,,,
2013/05/06,18,148,12,,,,,
2013/05/06,19,151,11,,,,,
2013/05/06,20,145,10,,,,,
2013/05/06,21,157,8,,,,,
2013/05/06,22,124,1,,,,,
2013/05/06,23,118,1,,,,,
2013/05/06,24,115,1,,,,,
2013/05/07,01,117,1,,,,,
2013/05/07,02,112,1,,,,,
2013/05/07,03,104,1,,,,,
2013/05/07,04,87,1,,,,,
2013/05/07,05,93,1,,,,,
2013/05/07,06,94,1,,,,,
2013/05/07,07,125,9,,,,,
2013/05/07,08,139,2,,,,,
2013/05/07,09,155,2,,,,,
2013/05/07,10,154,2,,,,,
2013/05/07,11,148,2,,,,,
2013/05/07,12,141,2,,,,,
2013/05/07,13,145,2,,,,,
2013/05/07,14,149,2,,,,,
2013/05/07,15,152,2,,,,,
2013/05/07,16,142,2,,,,,
2013/05/07,17,145,2,,,,,
2013/05/07,18,141,2,,,,,
2013/05/07,19,145,2,,,,,
2013/05/07,20,142,1,,,,,
2013/05/07,21,151,1,,,,,
2013/05/07,22,134,1,,,,,
2013/05/07,23,125,1,,,,,
2013/05/07,24,116,1,,,,,
2013/05/08,01,120,1,,,,,
2013/05/08,02,116,1,,,,,
2013/05/08,03,107,1,,,,,
2013/05/08,04,93,2,,,,,
2013/05/08,05,96,2,,,,,
2013/05/08,06,97,1,,,,,
2013/05/08,07,115,1,,,,,
2013/05/08,08,135,2,,,,,
2013/05/08,09,157,3,,,,,
2013/05/08,10,158,2,,,,,
2013/05/08,11,146,2,,,,,
2013/05/08,12,143,2,,,,,
2013/05/08,13,144,2,,,,,
2013/05/08,14,151,2,,,,,
2013/05/08,15,146,2,,,,,
2013/05/08,16,138,2,,,,,
2013/05/08,17,145,2,,,,,
2013/05/08,18,143,2,,,,,
2013/05/08,19,155,2,,,,,
2013/05/08,20,139,1,,,,,
2013/05/08,21,148,1,,,,,
2013/05/08,22,128,1,,,,,
2013/05/08,23,121,1,,,,,
2013/05/08,24,119,1,,,,,
2013/05/09,01,121,1,,,,,
2013/05/09,02,118,1,,,,,
2013/05/09,03,107,1,,,,,
2013/05/09,04,93,1,,,,,
2013/05/09,05,95,1,,,,,
2013/05/09,06,99,1,,,,,
2013/05/09,07,120,1,,,,,
2013/05/09,08,142,2,,,,,
2013/05/09,09,158,3,,,,,
2013/05/09,10,155,3,,,,,
2013/05/09,11,146,2,,,,,
2013/05/09,12,150,2,,,,,
2013/05/09,13,148,2,,,,,
2013/05/09,14,152,2,,,,,
2013/05/09,15,152,2,,,,,
2013/05/09,16,149,2,,,,,
2013/05/09,17,147,2,,,,,
2013/05/09,18,142,2,,,,,
2013/05/09,19,151,2,,,,,
2013/05/09,20,145,1,,,,,
2013/05/09,21,148,1,,,,,
2013/05/09,22,130,1,,,,,
2013/05/09,23,124,1,,,,,
2013/05/09,24,118,1,,,,,
2013/05/10,01,122,1,,,,,
2013/05/10,02,118,1,,,,,
2013/05/10,03,108,2,,,,,
2013/05/10,04,93,2,,,,,
2013/05/10,05,94,2,,,,,
2013/05/10,06,99,1,,,,,
2013/05/10,07,124,1,,,,,
2013/05/10,08,141,2,,,,,
2013/05/10,09,159,3,,,,,
2013/05/10,10,155,2,,,,,
2013/05/10,11,143,2,,,,,
2013/05/10,12,147,2,,,,,
2013/05/10,13,148,2,,,,,
2013/05/10,14,145,2,,,,,
2013/05/10,15,152,2,,,,,
2013/05/10,16,140,2,,,,,
2013/05/10,17,147,2,,,,,
2013/05/10,18,139,2,,,,,
2013/05/10,19,145,2,,,,,
2013/05/10,20,139,1,,,,,
2013/05/10,21,151,1,,,,,
2013/05/10,22,131,1,,,,,
2013/05/10,23,124,1,,,,,
2013/05/10,24,117,1,,,,,
2013/05/11,01,119,1,,,,,
2013/05/11,02,115,1,,,,,
2013/05/11,03,105,1,,,,,
2013/05/11,04,90,1,,,,,
2013/05/11,05,95,1,,,,,
2013/05/11,06,98,1,,,,,
2013/05/11,07,119,1,,,,,
2013/05/11,08,138,3,,,,,
2013/05/11,09,163,3,,,,,
2013/05/11,10,158,5,,,,,
2013/05/11,11,147,5,,,,,
2013/05/11,12,148,5,,,,,
2013/05/11,13,146,5,,,,,
2013/05/11,14,148,5,,,,,
2013/05/11,15,152,3,,,,,
2013/05/11,16,145,3,,,,,
2013/05/11,17,148,3,,,,,
2013/05/11,18,142,4,,,,,
2013/05/11,19,150,4,,,,,
2013/05/11,20,145,3,,,,,
2013/05/11,21,147,3,,,,,
2013/05/11,22,134,2,,,,,
2013/05/11,23,124,2,,,,,
2013/05/11,24,121,2,,,,,
2013/05/12,01,123,3,,,,,
2013/05/12,02,118,2,,,,,
2013/05/12,03,115,3,,,,,
2013/05/12,04,104,2,,,,,
2013/05/12,05,106,2,,,,,
2013/05/12,06,101,3,,,,,
2013/05/12,07,120,3,,,,,
2013/05/12,08,141,4,,,,,
2013/05/12,09,159,5,,,,,
2013/05/12,10,162,4,,,,,
2013/05/12,11,149,5,,,,,
2013/05/12,12,146,5,,,,,
2013/05/12,13,149,5,,,,,
2013/05/12,14,149,3,,,,,
2013/05/12,15,148,4,,,,,
2013/05/12,16,144,3,,,,,
2013/05/12,17,142,3,,,,,
2013/05/12,18,141,4,,,,,
2013/05/12,19,155,4,,,,,
2013/05/12,20,140,2,,,,,
2013/05/12,21,144,3,,,,,
2013/05/12,22,131,3,,,,,
2013/05/12,23,122,2,,,,,
2013/05/12,24,121,2,,,,,
2013/05/13,01,121,3,,,,,
2013/05/13,02,117,2,,,,,
2013/05/13,03,109,3,,,,,
2013/05/13,04,95,2,,,,,
2013/05/13,05,97,2,,,,,
2013/05/13,06,99,3,,,,,
2013/05/13,07,120,3,,,,,
2013/05/13,08,141,3,,,,,
2013/05/13,09,176,13,,,,,
2013/05/13,10,168,11,,,,,
2013/05/13,11,157,11,,,,,
2013/05/13,12,154,11,,,,,
2013/05/13,13,159,10,,,,,
2013/05/13,14,160,9,,,,,
2013/05/13,15,163,10,,,,,
2013/05/13,16,160,10,,,,,
2013/05/13,17,154,8,,,,,
2013/05/13,18,146,6,,,,,
2013/05/13,19,153,5,,,,,
2013/05/13,20,146,4,,,,,
2013/05/13,21,154,4,,,,,
2013/05/13,22,135,3,,,,,
2013/05/13,23,132,2,,,,,
2013/05/13,24,124,3,,,,,
2013/05/14,01,125,2,,,,,
2013/05/14,02,120,3,,,,,
2013/05/14,03,110,2,,,,,
2013/05/14,04,95,2,,,,,
2013/05/14,05,98,2,,,,,
2013/05/14,06,98,3,,,,,
2013/05/14,07,133,3,,,,,
2013/05/14,08,137,3,,,,,
2013/05/14,09,165,4,,,,,
2013/05/14,10,164,3,,,,,
2013/05/14,11,158,5,,,,,
2013/05/14,12,154,5,,,,,
2013/05/14,13,163,6,,,,,
2013/05/14,14,160,5,,,,,
2013/05/14,15,158,5,,,,,
2013/05/14,16,162,4,,,,,
2013/05/14,17,151,4,,,,,
2013/05/14,18,150,4,,,,,
2013/05/14,19,155,4,,,,,
2013/05/14,20,154,3,,,,,
2013/05/14,21,152,2,,,,,
2013/05/14,22,135,2,,,,,
2013/05/14,23,126,2,,,,,
2013/05/14,24,122,2,,,,,
2013/05/15,01,124,2,,,,,
2013/05/15,02,120,2,,,,,
2013/05/15,03,111,2,,,,,
2013/05/15,04,96,2,,,,,
2013/05/15,05,101,2,,,,,
2013/05/15,06,102,3,,,,,
2013/05/15,07,120,3,,,,,
2013/05/15,08,142,4,,,,,
2013/05/15,09,162,4,,,,,
2013/05/15,10,155,4,,,,,
2013/05/15,11,150,4,,,,,
2013/05/15,12,144,3,,,,,
2013/05/15,13,145,3,,,,,
2013/05/15,14,152,3,,,,,
2013/05/15,15,152,4,,,,,
2013/05/15,16,145,3,,,,,
2013/05/15,17,145,3,,,,,
2013/05/15,18,146,4,,,,,
2013/05/15,19,155,4,,,,,
2013/05/15,20,143,3,,,,,
2013/05/15,21,149,3,,,,,
2013/05/15,22,133,3,,,,,
2013/05/15,23,124,3,,,,,
2013/05/15,24,121,3,,,,,
2013/05/16,01,124,3,,,,,
2013/05/16,02,119,3,,,,,
2013/05/16,03,108,2,,,,,
2013/05/16,04,88,2,,,,,
2013/05/16,05,93,3,,,,,
2013/05/16,06,93,3,,,,,
2013/05/16,07,122,3,,,,,
2013/05/16,08,146,3,,,,,
2013/05/16,09,164,5,,,,,
2013/05/16,10,156,4,,,,,
2013/05/16,11,148,3,,,,,
2013/05/16,12,144,3,,,,,
2013/05/16,13,148,3,,,,,
2013/05/16,14,150,3,,,,,
2013/05/16,15,152,3,,,,,
2013/05/16,16,153,5,,,,,
2013/05/16,17,149,5,,,,,
2013/05/16,18,154,5,,,,,
2013/05/16,19,156,6,,,,,
2013/05/16,20,145,4,,,,,
2013/05/16,21,149,4,,,,,
2013/05/16,22,131,2,,,,,
2013/05/16,23,124,2,,,,,
2013/05/16,24,121,2,,,,,
2013/05/17,01,123,3,,,,,
2013/05/17,02,118,3,,,,,
2013/05/17,03,109,2,,,,,
2013/05/17,04,95,3,,,,,
2013/05/17,05,98,3,,,,,
2013/05/17,06,99,3,,,,,
2013/05/17,07,122,3,,,,,
2013/05/17,08,143,3,,,,,
2013/05/17,09,164,4,,,,,
2013/05/17,10,157,4,,,,,
2013/05/17,11,145,5,,,,,
2013/05/17,12,150,5,,,,,
2013/05/17,13,154,5,,,,,
2013/05/17,14,151,5,,,,,
2013/05/17,15,152,3,,,,,
2013/05/17,16,148,3,,,,,
2013/05/17,17,148,3,,,,,
2013/05/17,18,147,3,,,,,
2013/05/17,19,146,3,,,,,
2013/05/17,20,143,3,,,,,
2013/05/17,21,154,2,,,,,
2013/05/17,22,138,2,,,,,
2013/05/17,23,125,2,,,,,
2013/05/17,24,120,2,,,,,
2013/05/18,01,122,2,,,,,
2013/05/18,02,117,3,,,,,
2013/05/18,03,109,2,,,,,
2013/05/18,04,94,2,,,,,
2013/05/18,05,98,3,,,,,
2013/05/18,06,98,3,,,,,
2013/05/18,07,121,2,,,,,
2013/05/18,08,140,3,,,,,
2013/05/18,09,168,4,,,,,
2013/05/18,10,156,5,,,,,
2013/05/18,11,153,5,,,,,
2013/05/18,12,144,5,,,,,
2013/05/18,13,149,4,,,,,
2013/05/18,14,151,3,,,,,
2013/05/18,15,150,4,,,,,
2013/05/18,16,147,4,,,,,
2013/05/18,17,147,4,,,,,
2013/05/18,18,142,4,,,,,
2013/05/18,19,147,4,,,,,
2013/05/18,20,143,4,,,,,
2013/05/18,21,152,3,,,,,
2013/05/18,22,136,3,,,,,
2013/05/18,23,124,2,,,,,
2013/05/18,24,118,2,,,,,
2013/05/19,01,123,2,,,,,
2013/05/19,02,118,3,,,,,
2013/05/19,03,110,2,,,,,
2013/05/19,04,93,2,,,,,
2013/05/19,05,96,2,,,,,
2013/05/19,06,98,3,,,,,
2013/05/19,07,122,3,,,,,
2013/05/19,08,138,3,,,,,
2013/05/19,09,159,4,,,,,
2013/05/19,10,161,4,,,,,
2013/05/19,11,153,4,,,,,
2013/05/19,12,149,3,,,,,
2013/05/19,13,153,4,,,,,
2013/05/19,14,158,5,,,,,
2013/05/19,15,159,5,,,,,
2013/05/19,16,151,5,,,,,
2013/05/19,17,150,5,,,,,
2013/05/19,18,148,5,,,,,
2013/05/19,19,161,5,,,,,
2013/05/19,20,147,4,,,,,
2013/05/19,21,151,4,,,,,
2013/05/19,22,135,4,,,,,
2013/05/19,23,126,3,,,,,
2013/05/19,24,122,2,,,,,
2013/05/20,01,125,2,,,,,
2013/05/20,02,121,2,,,,,
2013/05/20,03,110,3,,,,,
2013/05/20,04,94,2,,,,,
2013/05/20,05,98,2,,,,,
2013/05/20,06,102,3,,,,,
2013/05/20,07,128,3,,,,,
2013/05/20,08,147,4,,,,,
2013/05/20,09,166,5,,,,,
2013/05/20,10,163,6,,,,,
2013/05/20,11,154,5,,,,,
2013/05/20,12,149,5,,,,,
2013/05/20,13,155,4,,,,,
2013/05/20,14,156,5,,,,,
2013/05/20,15,155,4,,,,,
2013/05/20,16,151,4,,,,,
2013/05/20,17,148,4,,,,,
2013/05/20,18,146,4,,,,,
2013/05/20,19,149,4,,,,,
2013/05/20,20,143,3,,,,,
2013/05/20,21,159,2,,,,,
2013/05/20,22,135,1,,,,,
2013/05/20,23,125,1,,,,,
2013/05/20,24,123,1,,,,,
2013/05/21,01,124,1,,,,,
2013/05/21,02,121,1,,,,,
2013/05/21,03,111,1,,,,,
2013/05/21,04,96,1,,,,,
2013/05/21,05,99,1,,,,,
2013/05/21,06,102,1,,,,,
2013/05/21,07,127,2,,,,,
2013/05/21,08,143,4,,,,,
2013/05/21,09,164,3,,,,,
2013/05/21,10,159,2,,,,,
2013/05/21,11,161,12,,,,,
2013/05/21,12,163,10,,,,,
2013/05/21,13,157,10,,,,,
2013/05/21,14,158,9,,,,,
2013/05/21,15,160,9,,,,,
2013/05/21,16,157,8,,,,,
2013/05/21,17,160,8,,,,,
2013/05/21,18,153,8,,,,,
2013/05/21,19,159,7,,,,,
2013/05/21,20,156,7,,,,,
2013/05/21,21,162,6,,,,,
2013/05/21,22,138,1,,,,,
2013/05/21,23,125,1,,,,,
2013/05/21,24,119,1,,,,,
2013/05/22,01,121,1,,,,,
2013/05/22,02,116,1,,,,,
2013/05/22,03,105,1,,,,,
2013/05/22,04,91,1,,,,,
2013/05/22,05,94,1,,,,,
2013/05/22,06,98,1,,,,,
2013/05/22,07,121,1,,,,,
2013/05/22,08,137,1,,,,,
2013/05/22,09,163,3,,,,,
2013/05/22,10,160,2,,,,,
2013/05/22,11,149,3,,,,,
2013/05/22,12,145,2,,,,,
2013/05/22,13,152,2,,,,,
2013/05/22,14,150,2,,,,,
2013/05/22,15,149,2,,,,,
2013/05/22,16,148,2,,,,,
2013/05/22,17,143,3,,,,,
2013/05/22,18,143,2,,,,,
2013/05/22,19,151,2,,,,,
2013/05/22,20,144,1,,,,,
2013/05/22,21,143,1,,,,,
2013/05/22,22,129,1,,,,,
2013/05/22,23,120,1,,,,,
2013/05/22,24,118,1,,,,,
2013/05/23,01,121,1,,,,,
2013/05/23,02,116,1,,,,,
2013/05/23,03,106,1,,,,,
2013/05/23,04,91,1,,,,,
2013/05/23,05,94,1,,,,,
2013/05/23,06,98,1,,,,,
2013/05/23,07,118,1,,,,,
2013/05/23,08,140,2,,,,,
2013/05/23,09,158,4,,,,,
2013/05/23,10,154,3,,,,,
2013/05/23,11,149,2,,,,,
2013/05/23,12,145,3,,,,,
2013/05/23,13,149,3,,,,,
2013/05/23,14,153,4,,,,,
2013/05/23,15,149,4,,,,,
2013/05/23,16,151,3,,,,,
2013/05/23,17,148,3,,,,,
2013/05/23,18,145,4,,,,,
2013/05/23,19,147,4,,,,,
2013/05/23,20,147,3,,,,,
2013/05/23,21,159,2,,,,,
2013/05/23,22,134,3,,,,,
2013/05/23,23,127,1,,,,,
2013/05/23,24,120,1,,,,,
2013/05/24,01,121,1,,,,,
2013/05/24,02,118,1,,,,,
2013/05/24,03,106,1,,,,,
2013/05/24,04,92,1,,,,,
2013/05/24,05,94,1,,,,,
2013/05/24,06,99,1,,,,,
2013/05/24,07,124,1,,,,,
2013/05/24,08,140,2,,,,,
2013/05/24,09,167,3,,,,,
2013/05/24,10,158,2,,,,,
2013/05/24,11,149,3,,,,,
2013/05/24,12,144,2,,,,,
2013/05/24,13,153,2,,,,,
2013/05/24,14,155,2,,,,,
2013/05/24,15,153,3,,,,,
2013/05/24,16,152,4,,,,,
2013/05/24,17,150,4,,,,,
2013/05/24,18,149,4,,,,,
2013/05/24,19,157,4,,,,,
2013/05/24,20,147,3,,,,,
2013/05/24,21,148,3,,,,,
2013/05/24,22,131,1,,,,,
2013/05/24,23,125,1,,,,,
2013/05/24,24,123,1,,,,,
2013/05/25,01,126,1,,,,,
2013/05/25,02,120,1,,,,,
2013/05/25,03,111,1,,,,,
2013/05/25,04,96,1,,,,,
2013/05/25,05,100,1,,,,,
2013/05/25,06,104,1,,,,,
2013/05/25,07,124,1,,,,,
2013/05/25,08,144,4,,,,,
2013/05/25,09,169,4,,,,,
2013/05/25,10,160,5,,,,,
2013/05/25,11,152,5,,,,,
2013/05/25,12,152,4,,,,,
2013/05/25,13,153,5,,,,,
2013/05/25,14,152,4,,,,,
2013/05/25,15,152,2,,,,,
2013/05/25,16,144,2,,,,,
2013/05/25,17,150,2,,,,,
2013/05/25,18,150,4,,,,,
2013/05/25,19,160,4,,,,,
2013/05/25,20,148,2,,,,,
2013/05/25,21,148,2,,,,,
2013/05/25,22,135,2,,,,,
2013/05/25,23,125,1,,,,,
2013/05/25,24,125,1,,,,,
2013/05/26,01,126,1,,,,,
2013/05/26,02,122,1,,,,,
2013/05/26,03,110,1,,,,,
2013/05/26,04,97,1,,,,,
2013/05/26,05,100,1,,,,,
2013/05/26,06,102,1,,,,,
2013/05/26,07,133,1,,,,,
2013/05/26,08,145,2,,,,,
2013/05/26,09,159,3,,,,,
2013/05/26,10,164,3,,,,,
2013/05/26,11,153,2,,,,,
2013/05/26,12,148,2,,,,,
2013/05/26,13,153,3,,,,,
2013/05/26,14,155,2,,,,,
2013/05/26,15,152,3,,,,,
2013/05/26,16,152,3,,,,,
2013/05/26,17,147,3,,,,,
2013/05/26,18,147,3,,,,,
2013/05/26,19,153,4,,,,,
2013/05/26,20,146,1,,,,,
2013/05/26,21,158,1,,,,,
2013/05/26,22,140,1,,,,,
2013/05/26,23,131,1,,,,,
2013/05/26,24,121,1,,,,,
2013/05/27,01,124,1,,,,,
2013/05/27,02,119,1,,,,,
2013/05/27,03,108,1,,,,,
2013/05/27,04,93,1,,,,,
2013/05/27,05,99,1,,,,,
2013/05/27,06,102,1,,,,,
2013/05/27,07,127,1,,,,,
2013/05/27,08,145,2,,,,,
2013/05/27,09,167,3,,,,,
2013/05/27,10,161,4,,,,,
2013/05/27,11,152,3,,,,,
2013/05/27,12,148,3,,,,,
2013/05/27,13,152,2,,,,,
2013/05/27,14,156,3,,,,,
2013/05/27,15,158,5,,,,,
2013/05/27,16,157,5,,,,,
2013/05/27,17,150,5,,,,,
2013/05/27,18,150,4,,,,,
2013/05/27,19,155,4,,,,,
2013/05/27,20,147,2,,,,,
2013/05/27,21,160,2,,,,,
2013/05/27,22,138,2,,,,,
2013/05/27,23,135,2,,,,,
2013/05/27,24,125,1,,,,,
2013/05/28,01,127,1,,,,,
2013/05/28,02,121,1,,,,,
2013/05/28,03,113,1,,,,,
2013/05/28,04,99,1,,,,,
2013/05/28,05,101,1,,,,,
2013/05/28,06,104,1,,,,,
2013/05/28,07,144,1,,,,,
2013/05/28,08,140,3,,,,,
2013/05/28,09,168,3,,,,,
2013/05/28,10,167,3,,,,,
2013/05/28,11,163,2,,,,,
2013/05/28,12,156,2,,,,,
2013/05/28,13,163,3,,,,,
2013/05/28,14,160,3,,,,,
2013/05/28,15,160,4,,,,,
2013/05/28,16,162,4,,,,,
2013/05/28,17,161,4,,,,,
2013/05/28,18,159,5,,,,,
2013/05/28,19,159,5,,,,,
2013/05/28,20,153,2,,,,,
2013/05/28,21,164,2,,,,,
2013/05/28,22,143,2,,,,,
2013/05/28,23,131,1,,,,,
2013/05/28,24,125,1,,,,,
2013/05/29,01,127,1,,,,,
2013/05/29,02,123,1,,,,,
2013/05/29,03,112,1,,,,,
2013/05/29,04,98,1,,,,,
2013/05/29,05,93,1,,,,,
2013/05/29,06,97,1,,,,,
2013/05/29,07,138,1,,,,,
2013/05/29,08,143,3,,,,,
2013/05/29,09,164,4,,,,,
2013/05/29,10,167,3,,,,,
2013/05/29,11,157,3,,,,,
2013/05/29,12,152,5,,,,,
2013/05/29,13,156,4,,,,,
2013/05/29,14,159,6,,,,,
2013/05/29,15,155,5,,,,,
2013/05/29,16,151,5,,,,,
2013/05/29,17,149,4,,,,,
2013/05/29,18,159,6,,,,,
2013/05/29,19,162,6,,,,,
2013/05/29,20,149,4,,,,,
2013/05/29,21,152,3,,,,,
2013/05/29,22,139,3,,,,,
2013/05/29,23,128,1,,,,,
2013/05/29,24,124,1,,,,,
2013/05/30,01,126,1,,,,,
2013/05/30,02,120,1,,,,,
2013/05/30,03,109,1,,,,,
2013/05/30,04,86,1,,,,,
2013/05/30,05,93,1,,,,,
2013/05/30,06,95,1,,,,,
2013/05/30,07,134,1,,,,,
2013/05/30,08,144,4,,,,,
2013/05/30,09,165,4,,,,,
2013/05/30,10,167,4,,,,,
2013/05/30,11,155,5,,,,,
2013/05/30,12,151,5,,,,,
2013/05/30,13,153,5,,,,,
2013/05/30,14,160,5,,,,,
2013/05/30,15,156,5,,,,,
2013/05/30,16,161,5,,,,,
2013/05/30,17,157,5,,,,,
2013/05/30,18,156,5,,,,,
2013/05/30,19,163,5,,,,,
2013/05/30,20,152,4,,,,,
2013/05/30,21,158,4,,,,,
2013/05/30,22,142,4,,,,,
2013/05/30,23,132,3,,,,,
2013/05/30,24,127,2,,,,,
2013/05/31,01,130,2,,,,,
2013/05/31,02,124,2,,,,,
2013/05/31,03,114,2,,,,,
2013/05/31,04,100,2,,,,,
2013/05/31,05,103,1,,,,,
2013/05/31,06,105,1,,,,,
2013/05/31,07,139,1,,,,,
2013/05/31,08,148,3,,,,,
2013/05/31,09,170,3,,,,,
2013/05/31,10,168,5,,,,,
2013/05/31,11,160,5,,,,,
2013/05/31,12,161,6,,,,,
2013/05/31,13,164,6,,,,,
2013/05/31,14,164,6,,,,,
2013/05/31,15,162,6,,,,,
2013/05/31,16,162,6,,,,,
2013/05/31,17,159,5,,,,,
2013/05/31,18,157,5,,,,,
2013/05/31,19,162,6,,,,,
2013/05/31,20,153,4,,,,,
2013/05/31,21,166,4,,,,,
2013/05/31,22,145,3,,,,,
2013/05/31,23,137,3,,,,,
2013/05/31,24,129,1,,,,,
2013/06/01,01,130,1,,,,,
2013/06/01,02,123,1,,,,,
2013/06/01,03,113,1,,,,,
2013/06/01,04,99,1,,,,,
2013/06/01,05,100,1,,,,,
2013/06/01,06,105,1,,,,,
2013/06/01,07,146,2,,,,,
2013/06/01,08,147,5,,,,,
2013/06/01,09,171,6,,,,,
2013/06/01,10,174,5,,,,,
2013/06/01,11,171,6,,,,,
2013/06/01,12,165,6,,,,,
2013/06/01,13,162,5,,,,,
2013/06/01,14,169,7,,,,,
2013/06/01,15,169,6,,,,,
2013/06/01,16,163,5,,,,,
2013/06/01,17,165,6,,,,,
2013/06/01,18,162,5,,,,,
2013/06/01,19,162,6,,,,,
2013/06/01,20,157,4,,,,,
2013/06/01,21,166,3,,,,,
2013/06/01,22,146,3,,,,,
2013/06/01,23,136,3,,,,,
2013/06/01,24,127,3,,,,,
2013/06/02,01,130,3,,,,,
2013/06/02,02,123,3,,,,,
2013/06/02,03,115,3,,,,,
2013/06/02,04,102,3,,,,,
2013/06/02,05,104,3,,,,,
2013/06/02,06,106,3,,,,,
2013/06/02,07,149,4,,,,,
2013/06/02,08,149,6,,,,,
2013/06/02,09,163,5,,,,,
2013/06/02,10,174,5,,,,,
2013/06/02,11,162,6,,,,,
2013/06/02,12,160,6,,,,,
2013/06/02,13,169,6,,,,,
2013/06/02,14,168,6,,,,,
2013/06/02,15,166,6,,,,,
2013/06/02,16,163,6,,,,,
2013/06/02,17,164,5,,,,,
2013/06/02,18,163,7,,,,,
2013/06/02,19,165,6,,,,,
2013/06/02,20,155,3,,,,,
2013/06/02,21,158,3,,,,,
2013/06/02,22,142,3,,,,,
2013/06/02,23,135,3,,,,,
2013/06/02,24,128,1,,,,,
2013/06/03,01,130,1,,,,,
2013/06/03,02,124,1,,,,,
2013/06/03,03,114,1,,,,,
2013/06/03,04,101,1,,,,,
2013/06/03,05,101,1,,,,,
2013/06/03,06,106,1,,,,,
2013/06/03,07,157,2,,,,,
2013/06/03,08,149,6,,,,,
2013/06/03,09,171,6,,,,,
2013/06/03,10,167,8,,,,,
2013/06/03,11,162,7,,,,,
2013/06/03,12,160,8,,,,,
2013/06/03,13,161,9,,,,,
2013/06/03,14,167,8,,,,,
2013/06/03,15,166,8,,,,,
2013/06/03,16,165,8,,,,,
2013/06/03,17,157,7,,,,,
2013/06/03,18,157,8,,,,,
2013/06/03,19,159,7,,,,,
2013/06/03,20,153,6,,,,,
2013/06/03,21,163,6,,,,,
2013/06/03,22,149,6,,,,,
2013/06/03,23,135,3,,,,,
2013/06/03,24,128,3,,,,,
2013/06/04,01,129,3,,,,,
2013/06/04,02,126,3,,,,,
2013/06/04,03,115,3,,,,,
2013/06/04,04,100,3,,,,,
2013/06/04,05,103,3,,,,,
2013/06/04,06,107,3,,,,,
2013/06/04,07,145,4,,,,,
2013/06/04,08,150,8,,,,,
2013/06/04,09,174,7,,,,,
2013/06/04,10,167,7,,,,,
2013/06/04,11,165,8,,,,,
2013/06/04,12,160,7,,,,,
2013/06/04,13,167,7,,,,,
2013/06/04,14,167,7,,,,,
2013/06/04,15,163,8,,,,,
2013/06/04,16,168,8,,,,,
2013/06/04,17,162,7,,,,,
2013/06/04,18,161,7,,,,,
2013/06/04,19,163,7,,,,,
2013/06/04,20,156,6,,,,,
2013/06/04,21,165,5,,,,,
2013/06/04,22,148,5,,,,,
2013/06/04,23,137,5,,,,,
2013/06/04,24,126,3,,,,,
2013/06/05,01,128,3,,,,,
2013/06/05,02,123,3,,,,,
2013/06/05,03,114,3,,,,,
2013/06/05,04,100,3,,,,,
2013/06/05,05,103,3,,,,,
2013/06/05,06,106,3,,,,,
2013/06/05,07,135,3,,,,,
2013/06/05,08,148,6,,,,,
2013/06/05,09,166,7,,,,,
2013/06/05,10,171,7,,,,,
2013/06/05,11,157,6,,,,,
2013/06/05,12,150,6,,,,,
2013/06/05,13,156,6,,,,,
2013/06/05,14,157,6,,,,,
2013/06/05,15,156,5,,,,,
2013/06/05,16,151,6,,,,,
2013/06/05,17,149,6,,,,,
2013/06/05,18,152,6,,,,,
2013/06/05,19,156,4,,,,,
2013/06/05,20,145,1,,,,,
2013/06/05,21,151,1,,,,,
2013/06/05,22,135,1,,,,,
2013/06/05,23,126,1,,,,,
2013/06/05,24,125,1,,,,,
2013/06/06,01,128,1,,,,,
2013/06/06,02,122,1,,,,,
2013/06/06,03,112,1,,,,,
2013/06/06,04,98,1,,,,,
2013/06/06,05,102,1,,,,,
2013/06/06,06,105,1,,,,,
2013/06/06,07,131,1,,,,,
2013/06/06,08,146,3,,,,,
2013/06/06,09,164,3,,,,,
2013/06/06,10,163,3,,,,,
2013/06/06,11,155,5,,,,,
2013/06/06,12,148,4,,,,,
2013/06/06,13,157,5,,,,,
2013/06/06,14,165,12,,,,,
2013/06/06,15,159,11,,,,,
2013/06/06,16,162,11,,,,,
2013/06/06,17,160,11,,,,,
2013/06/06,18,157,11,,,,,
2013/06/06,19,165,11,,,,,
2013/06/06,20,158,9,,,,,
2013/06/06,21,156,8,,,,,
2013/06/06,22,133,2,,,,,
2013/06/06,23,125,1,,,,,
2013/06/06,24,123,1,,,,,
2013/06/07,01,126,1,,,,,
2013/06/07,02,121,1,,,,,
2013/06/07,03,111,1,,,,,
2013/06/07,04,95,1,,,,,
2013/06/07,05,99,1,,,,,
2013/06/07,06,102,1,,,,,
2013/06/07,07,124,1,,,,,
2013/06/07,08,142,2,,,,,
2013/06/07,09,159,3,,,,,
2013/06/07,10,165,3,,,,,
2013/06/07,11,152,2,,,,,
2013/06/07,12,145,3,,,,,
2013/06/07,13,149,2,,,,,
2013/06/07,14,149,2,,,,,
2013/06/07,15,149,3,,,,,
2013/06/07,16,148,2,,,,,
2013/06/07,17,144,2,,,,,
2013/06/07,18,143,3,,,,,
2013/06/07,19,149,2,,,,,
2013/06/07,20,138,1,,,,,
2013/06/07,21,151,1,,,,,
2013/06/07,22,141,1,,,,,
2013/06/07,23,128,1,,,,,
2013/06/07,24,120,1,,,,,
2013/06/08,01,123,1,,,,,
2013/06/08,02,118,1,,,,,
2013/06/08,03,108,1,,,,,
2013/06/08,04,94,1,,,,,
2013/06/08,05,94,1,,,,,
2013/06/08,06,100,1,,,,,
2013/06/08,07,128,1,,,,,
2013/06/08,08,151,12,,,,,
2013/06/08,09,178,14,,,,,
2013/06/08,10,168,10,,,,,
2013/06/08,11,157,11,,,,,
2013/06/08,12,155,10,,,,,
2013/06/08,13,160,7,,,,,
2013/06/08,14,161,7,,,,,
2013/06/08,15,159,8,,,,,
2013/06/08,16,153,10,,,,,
2013/06/08,17,158,10,,,,,
2013/06/08,18,157,10,,,,,
2013/06/08,19,157,10,,,,,
2013/06/08,20,155,9,,,,,
2013/06/08,21,157,8,,,,,
2013/06/08,22,137,2,,,,,
2013/06/08,23,131,1,,,,,
2013/06/08,24,122,1,,,,,
2013/06/09,01,124,1,,,,,
2013/06/09,02,120,1,,,,,
2013/06/09,03,108,1,,,,,
2013/06/09,04,96,1,,,,,
2013/06/09,05,99,2,,,,,
2013/06/09,06,103,2,,,,,
2013/06/09,07,128,1,,,,,
2013/06/09,08,146,3,,,,,
2013/06/09,09,162,3,,,,,
2013/06/09,10,161,3,,,,,
2013/06/09,11,155,5,,,,,
2013/06/09,12,156,4,,,,,
2013/06/09,13,154,2,,,,,
2013/06/09,14,160,3,,,,,
2013/06/09,15,155,3,,,,,
2013/06/09,16,159,3,,,,,
2013/06/09,17,154,3,,,,,
2013/06/09,18,156,3,,,,,
2013/06/09,19,167,7,,,,,
2013/06/09,20,158,8,,,,,
2013/06/09,21,158,7,,,,,
2013/06/09,22,137,3,,,,,
2013/06/09,23,129,1,,,,,
2013/06/09,24,126,1,,,,,
2013/06/10,01,129,1,,,,,
2013/06/10,02,124,1,,,,,
2013/06/10,03,112,1,,,,,
2013/06/10,04,99,1,,,,,
2013/06/10,05,103,1,,,,,
2013/06/10,06,103,1,,,,,
2013/06/10,07,142,1,,,,,
2013/06/10,08,144,3,,,,,
2013/06/10,09,170,4,,,,,
2013/06/10,10,161,3,,,,,
2013/06/10,11,155,3,,,,,
2013/06/10,12,154,2,,,,,
2013/06/10,13,156,3,,,,,
2013/06/10,14,155,3,,,,,
2013/06/10,15,161,3,,,,,
2013/06/10,16,156,5,,,,,
2013/06/10,17,156,4,,,,,
2013/06/10,18,153,4,,,,,
2013/06/10,19,159,5,,,,,
2013/06/10,20,154,3,,,,,
2013/06/10,21,163,2,,,,,
2013/06/10,22,149,2,,,,,
2013/06/10,23,139,1,,,,,
2013/06/10,24,131,1,,,,,
2013/06/11,01,129,1,,,,,
2013/06/11,02,126,1,,,,,
2013/06/11,03,113,1,,,,,
2013/06/11,04,101,1,,,,,
2013/06/11,05,101,1,,,,,
2013/06/11,06,106,1,,,,,
2013/06/11,07,156,2,,,,,
2013/06/11,08,141,3,,,,,
2013/06/11,09,169,3,,,,,
2013/06/11,10,166,4,,,,,
2013/06/11,11,166,9,,,,,
2013/06/11,12,168,10,,,,,
2013/06/11,13,162,7,,,,,
2013/06/11,14,164,7,,,,,
2013/06/11,15,164,8,,,,,
2013/06/11,16,163,9,,,,,
2013/06/11,17,162,9,,,,,
2013/06/11,18,160,10,,,,,
2013/06/11,19,164,10,,,,,
2013/06/11,20,156,8,,,,,
2013/06/11,21,169,7,,,,,
2013/06/11,22,143,3,,,,,
2013/06/11,23,127,1,,,,,
2013/06/11,24,123,1,,,,,
2013/06/12,01,128,1,,,,,
2013/06/12,02,122,1,,,,,
2013/06/12,03,112,1,,,,,
2013/06/12,04,97,1,,,,,
2013/06/12,05,100,1,,,,,
2013/06/12,06,104,1,,,,,
2013/06/12,07,130,1,,,,,
2013/06/12,08,146,5,,,,,
2013/06/12,09,177,13,,,,,
2013/06/12,10,170,11,,,,,
2013/06/12,11,160,10,,,,,
2013/06/12,12,156,9,,,,,
2013/06/12,13,163,9,,,,,
2013/06/12,14,159,9,,,,,
2013/06/12,15,165,9,,,,,
2013/06/12,16,156,9,,,,,
2013/06/12,17,160,9,,,,,
2013/06/12,18,158,9,,,,,
2013/06/12,19,163,9,,,,,
2013/06/12,20,152,7,,,,,
2013/06/12,21,158,6,,,,,
2013/06/12,22,137,3,,,,,
2013/06/12,23,126,1,,,,,
2013/06/12,24,125,1,,,,,
2013/06/13,01,127,1,,,,,
2013/06/13,02,118,1,,,,,
2013/06/13,03,113,1,,,,,
2013/06/13,04,95,1,,,,,
2013/06/13,05,98,1,,,,,
2013/06/13,06,102,1,,,,,
2013/06/13,07,134,1,,,,,
2013/06/13,08,145,5,,,,,
2013/06/13,09,176,11,,,,,
2013/06/13,10,167,5,,,,,
2013/06/13,11,160,4,,,,,
2013/06/13,12,156,5,,,,,
2013/06/13,13,159,5,,,,,
2013/06/13,14,159,5,,,,,
2013/06/13,15,155,5,,,,,
2013/06/13,16,159,5,,,,,
2013/06/13,17,159,5,,,,,
2013/06/13,18,168,5,,,,,
2013/06/13,19,167,6,,,,,
2013/06/13,20,157,4,,,,,
2013/06/13,21,158,3,,,,,
2013/06/13,22,141,3,,,,,
2013/06/13,23,133,2,,,,,
2013/06/13,24,126,1,,,,,
2013/06/14,01,127,1,,,,,
2013/06/14,02,120,1,,,,,
2013/06/14,03,112,1,,,,,
2013/06/14,04,97,1,,,,,
2013/06/14,05,98,1,,,,,
2013/06/14,06,102,1,,,,,
2013/06/14,07,140,1,,,,,
2013/06/14,08,144,3,,,,,
2013/06/14,09,166,3,,,,,
2013/06/14,10,163,4,,,,,
2013/06/14,11,162,5,,,,,
2013/06/14,12,153,5,,,,,
2013/06/14,13,165,5,,,,,
2013/06/14,14,163,5,,,,,
2013/06/14,15,159,5,,,,,
2013/06/14,16,157,5,,,,,
2013/06/14,17,159,5,,,,,
2013/06/14,18,158,5,,,,,
2013/06/14,19,159,5,,,,,
2013/06/14,20,153,4,,,,,
2013/06/14,21,161,3,,,,,
2013/06/14,22,153,3,,,,,
2013/06/14,23,136,3,,,,,
2013/06/14,24,127,1,,,,,
2013/06/15,01,128,1,,,,,
2013/06/15,02,123,1,,,,,
2013/06/15,03,111,1,,,,,
2013/06/15,04,100,1,,,,,
2013/06/15,05,101,1,,,,,
2013/06/15,06,105,1,,,,,
2013/06/15,07,141,2,,,,,
2013/06/15,08,147,5,,,,,
2013/06/15,09,169,6,,,,,
2013/06/15,10,165,5,,,,,
2013/06/15,11,157,5,,,,,
2013/06/15,12,151,5,,,,,
2013/06/15,13,165,8,,,,,
2013/06/15,14,163,7,,,,,
2013/06/15,15,165,7,,,,,
2013/06/15,16,162,7,,,,,
2013/06/15,17,159,7,,,,,
2013/06/15,18,163,6,,,,,
2013/06/15,19,162,6,,,,,
2013/06/15,20,158,5,,,,,
2013/06/15,21,157,3,,,,,
2013/06/15,22,145,4,,,,,
2013/06/15,23,135,2,,,,,
2013/06/15,24,128,1,,,,,
2013/06/16,01,128,1,,,,,
2013/06/16,02,125,1,,,,,
2013/06/16,03,114,1,,,,,
2013/06/16,04,101,1,,,,,
2013/06/16,05,103,1,,,,,
2013/06/16,06,113,1,,,,,
2013/06/16,07,144,1,,,,,
2013/06/16,08,148,4,,,,,
2013/06/16,09,168,5,,,,,
2013/06/16,10,166,4,,,,,
2013/06/16,11,157,5,,,,,
2013/06/16,12,157,5,,,,,
2013/06/16,13,161,5,,,,,
2013/06/16,14,164,5,,,,,
2013/06/16,15,165,4,,,,,
2013/06/16,16,159,5,,,,,
2013/06/16,17,159,6,,,,,
2013/06/16,18,164,5,,,,,
2013/06/16,19,166,6,,,,,
2013/06/16,20,158,3,,,,,
2013/06/16,21,159,3,,,,,
2013/06/16,22,142,3,,,,,
2013/06/16,23,134,1,,,,,
2013/06/16,24,130,1,,,,,
2013/06/17,01,131,1,,,,,
2013/06/17,02,126,1,,,,,
2013/06/17,03,115,1,,,,,
2013/06/17,04,103,1,,,,,
2013/06/17,05,104,1,,,,,
2013/06/17,06,109,1,,,,,
2013/06/17,07,148,2,,,,,
2013/06/17,08,152,6,,,,,
2013/06/17,09,176,5,,,,,
2013/06/17,10,167,5,,,,,
2013/06/17,11,156,5,,,,,
2013/06/17,12,161,5,,,,,
2013/06/17,13,159,5,,,,,
2013/06/17,14,163,5,,,,,
2013/06/17,15,163,5,,,,,
2013/06/17,16,159,5,,,,,
2013/06/17,17,162,5,,,,,
2013/06/17,18,158,5,,,,,
2013/06/17,19,160,6,,,,,
2013/06/17,20,154,4,,,,,
2013/06/17,21,161,2,,,,,
2013/06/17,22,147,1,,,,,
2013/06/17,23,133,1,,,,,
2013/06/17,24,130,1,,,,,
2013/06/18,01,131,1,,,,,
2013/06/18,02,125,1,,,,,
2013/06/18,03,117,1,,,,,
2013/06/18,04,102,1,,,,,
2013/06/18,05,103,1,,,,,
2013/06/18,06,107,1,,,,,
2013/06/18,07,147,2,,,,,
2013/06/18,08,150,5,,,,,
2013/06/18,09,172,6,,,,,
2013/06/18,10,175,6,,,,,
2013/06/18,11,168,5,,,,,
2013/06/18,12,162,5,,,,,
2013/06/18,13,161,5,,,,,
2013/06/18,14,164,4,,,,,
2013/06/18,15,165,5,,,,,
2013/06/18,16,155,5,,,,,
2013/06/18,17,155,5,,,,,
2013/06/18,18,156,6,,,,,
2013/06/18,19,163,9,,,,,
2013/06/18,20,162,7,,,,,
2013/06/18,21,165,6,,,,,
2013/06/18,22,144,3,,,,,
2013/06/18,23,136,3,,,,,
2013/06/18,24,125,1,,,,,
2013/06/19,01,128,1,,,,,
2013/06/19,02,123,1,,,,,
2013/06/19,03,113,1,,,,,
2013/06/19,04,99,1,,,,,
2013/06/19,05,98,1,,,,,
2013/06/19,06,98,1,,,,,
2013/06/19,07,133,1,,,,,
2013/06/19,08,151,3,,,,,
2013/06/19,09,163,5,,,,,
2013/06/19,10,170,7,,,,,
2013/06/19,11,160,7,,,,,
2013/06/19,12,155,7,,,,,
2013/06/19,13,162,6,,,,,
2013/06/19,14,165,7,,,,,
2013/06/19,15,158,6,,,,,
2013/06/19,16,153,5,,,,,
2013/06/19,17,152,5,,,,,
2013/06/19,18,155,5,,,,,
2013/06/19,19,164,5,,,,,
2013/06/19,20,148,3,,,,,
2013/06/19,21,155,3,,,,,
2013/06/19,22,138,3,,,,,
2013/06/19,23,131,1,,,,,
2013/06/19,24,128,1,,,,,
2013/06/20,01,128,1,,,,,
2013/06/20,02,124,1,,,,,
2013/06/20,03,115,1,,,,,
2013/06/20,04,96,1,,,,,
2013/06/20,05,101,1,,,,,
2013/06/20,06,100,1,,,,,
2013/06/20,07,141,2,,,,,
2013/06/20,08,154,7,,,,,
2013/06/20,09,170,9,,,,,
2013/06/20,10,168,6,,,,,
2013/06/20,11,158,5,,,,,
2013/06/20,12,159,5,,,,,
2013/06/20,13,160,5,,,,,
2013/06/20,14,158,5,,,,,
2013/06/20,15,159,5,,,,,
2013/06/20,16,162,5,,,,,
2013/06/20,17,159,5,,,,,
2013/06/20,18,154,5,,,,,
2013/06/20,19,157,5,,,,,
2013/06/20,20,154,4,,,,,
2013/06/20,21,164,3,,,,,
2013/06/20,22,145,3,,,,,
2013/06/20,23,141,3,,,,,
2013/06/20,24,130,1,,,,,
2013/06/21,01,130,1,,,,,
2013/06/21,02,125,1,,,,,
2013/06/21,03,115,1,,,,,
2013/06/21,04,103,1,,,,,
2013/06/21,05,104,1,,,,,
2013/06/21,06,108,1,,,,,
2013/06/21,07,147,1,,,,,
2013/06/21,08,152,5,,,,,
2013/06/21,09,174,5,,,,,
2013/06/21,10,171,6,,,,,
2013/06/21,11,162,5,,,,,
2013/06/21,12,160,5,,,,,
2013/06/21,13,162,6,,,,,
2013/06/21,14,166,5,,,,,
2013/06/21,15,160,5,,,,,
2013/06/21,16,160,5,,,,,
2013/06/21,17,156,5,,,,,
2013/06/21,18,160,6,,,,,
2013/06/21,19,168,6,,,,,
2013/06/21,20,153,4,,,,,
2013/06/21,21,155,3,,,,,
2013/06/21,22,141,4,,,,,
2013/06/21,23,132,1,,,,,
2013/06/21,24,129,1,,,,,
2013/06/22,01,130,1,,,,,
2013/06/22,02,125,1,,,,,
2013/06/22,03,114,1,,,,,
2013/06/22,04,101,1,,,,,
2013/06/22,05,102,1,,,,,
2013/06/22,06,106,1,,,,,
2013/06/22,07,144,1,,,,,
2013/06/22,08,149,6,,,,,
2013/06/22,09,168,9,,,,,
2013/06/22,10,174,8,,,,,
2013/06/22,11,162,9,,,,,
2013/06/22,12,152,7,,,,,
2013/06/22,13,161,8,,,,,
2013/06/22,14,165,9,,,,,
2013/06/22,15,160,8,,,,,
2013/06/22,16,156,8,,,,,
2013/06/22,17,155,8,,,,,
2013/06/22,18,153,7,,,,,
2013/06/22,19,156,6,,,,,
2013/06/22,20,151,6,,,,,
2013/06/22,21,161,5,,,,,
2013/06/22,22,139,3,,,,,
2013/06/22,23,131,2,,,,,
2013/06/22,24,122,1,,,,,
2013/06/23,01,126,1,,,,,
2013/06/23,02,123,1,,,,,
2013/06/23,03,120,1,,,,,
2013/06/23,04,111,1,,,,,
2013/06/23,05,107,1,,,,,
2013/06/23,06,104,1,,,,,
2013/06/23,07,137,1,,,,,
2013/06/23,08,147,3,,,,,
2013/06/23,09,162,4,,,,,
2013/06/23,10,171,4,,,,,
2013/06/23,11,160,5,,,,,
2013/06/23,12,158,5,,,,,
2013/06/23,13,165,5,,,,,
2013/06/23,14,166,6,,,,,
2013/06/23,15,162,5,,,,,
2013/06/23,16,162,4,,,,,
2013/06/23,17,160,5,,,,,
2013/06/23,18,159,6,,,,,
2013/06/23,19,166,6,,,,,
2013/06/23,20,159,5,,,,,
2013/06/23,21,157,4,,,,,
2013/06/23,22,144,4,,,,,
2013/06/23,23,132,2,,,,,
2013/06/23,24,128,2,,,,,
2013/06/24,01,131,2,,,,,
2013/06/24,02,126,2,,,,,
2013/06/24,03,114,2,,,,,
2013/06/24,04,101,2,,,,,
2013/06/24,05,104,2,,,,,
2013/06/24,06,106,1,,,,,
2013/06/24,07,145,2,,,,,
2013/06/24,08,153,5,,,,,
2013/06/24,09,165,5,,,,,
2013/06/24,10,175,8,,,,,
2013/06/24,11,160,5,,,,,
2013/06/24,12,163,6,,,,,
2013/06/24,13,160,9,,,,,
2013/06/24,14,162,11,,,,,
2013/06/24,15,161,9,,,,,
2013/06/24,16,163,11,,,,,
2013/06/24,17,158,11,,,,,
2013/06/24,18,159,12,,,,,
2013/06/24,19,160,10,,,,,
2013/06/24,20,156,7,,,,,
2013/06/24,21,162,6,,,,,
2013/06/24,22,139,1,,,,,
2013/06/24,23,131,1,,,,,
2013/06/24,24,127,1,,,,,
2013/06/25,01,127,1,,,,,
2013/06/25,02,123,1,,,,,
2013/06/25,03,112,1,,,,,
2013/06/25,04,98,1,,,,,
2013/06/25,05,101,1,,,,,
2013/06/25,06,103,1,,,,,
2013/06/25,07,134,1,,,,,
2013/06/25,08,145,4,,,,,
2013/06/25,09,168,3,,,,,
2013/06/25,10,169,2,,,,,
2013/06/25,11,166,3,,,,,
2013/06/25,12,160,3,,,,,
2013/06/25,13,167,4,,,,,
2013/06/25,14,167,5,,,,,
2013/06/25,15,164,4,,,,,
2013/06/25,16,163,5,,,,,
2013/06/25,17,158,5,,,,,
2013/06/25,18,159,5,,,,,
2013/06/25,19,164,4,,,,,
2013/06/25,20,157,2,,,,,
2013/06/25,21,166,2,,,,,
2013/06/25,22,145,2,,,,,
2013/06/25,23,138,1,,,,,
2013/06/25,24,128,1,,,,,
2013/06/26,01,128,1,,,,,
2013/06/26,02,125,1,,,,,
2013/06/26,03,112,1,,,,,
2013/06/26,04,99,1,,,,,
2013/06/26,05,99,1,,,,,
2013/06/26,06,105,1,,,,,
2013/06/26,07,142,1,,,,,
2013/06/26,08,150,4,,,,,
2013/06/26,09,165,4,,,,,
2013/06/26,10,168,4,,,,,
2013/06/26,11,154,3,,,,,
2013/06/26,12,156,2,,,,,
2013/06/26,13,154,2,,,,,
2013/06/26,14,160,4,,,,,
2013/06/26,15,157,5,,,,,
2013/06/26,16,153,4,,,,,
2013/06/26,17,154,5,,,,,
2013/06/26,18,159,5,,,,,
2013/06/26,19,166,5,,,,,
2013/06/26,20,157,5,,,,,
2013/06/26,21,160,4,,,,,
2013/06/26,22,142,4,,,,,
2013/06/26,23,133,2,,,,,
2013/06/26,24,130,2,,,,,
2013/06/27,01,132,2,,,,,
2013/06/27,02,126,2,,,,,
2013/06/27,03,116,2,,,,,
2013/06/27,04,102,2,,,,,
2013/06/27,05,102,2,,,,,
2013/06/27,06,108,2,,,,,
2013/06/27,07,148,2,,,,,
2013/06/27,08,155,8,,,,,
2013/06/27,09,179,14,,,,,
2013/06/27,10,170,9,,,,,
2013/06/27,11,161,6,,,,,
2013/06/27,12,158,5,,,,,
2013/06/27,13,160,5,,,,,
2013/06/27,14,164,5,,,,,
2013/06/27,15,159,4,,,,,
2013/06/27,16,160,5,,,,,
2013/06/27,17,159,5,,,,,
2013/06/27,18,162,5,,,,,
2013/06/27,19,164,5,,,,,
2013/06/27,20,156,5,,,,,
2013/06/27,21,161,4,,,,,
2013/06/27,22,141,3,,,,,
2013/06/27,23,132,1,,,,,
2013/06/27,24,129,1,,,,,
2013/06/28,01,118,1,,,,,
2013/06/28,02,114,1,,,,,
2013/06/28,03,106,1,,,,,
2013/06/28,04,95,1,,,,,
2013/06/28,05,99,1,,,,,
2013/06/28,06,99,1,,,,,
2013/06/28,07,131,1,,,,,
2013/06/28,08,136,2,,,,,
2013/06/28,09,161,2,,,,,
2013/06/28,10,155,4,,,,,
2013/06/28,11,147,4,,,,,
2013/06/28,12,150,3,,,,,
2013/06/28,13,150,3,,,,,
2013/06/28,14,157,3,,,,,
2013/06/28,15,153,1,,,,,
2013/06/28,16,150,1,,,,,
2013/06/28,17,151,1,,,,,
2013/06/28,18,146,1,,,,,
2013/06/28,19,153,3,,,,,
2013/06/28,20,146,2,,,,,
2013/06/28,21,152,2,,,,,
2013/06/28,22,139,1,,,,,
2013/06/28,23,127,0,,,,,
2013/06/28,24,121,1,,,,,
2013/06/29,01,122,1,,,,,
2013/06/29,02,116,1,,,,,
2013/06/29,03,110,1,,,,,
2013/06/29,04,99,1,,,,,
2013/06/29,05,95,1,,,,,
2013/06/29,06,95,1,,,,,
2013/06/29,07,129,1,,,,,
2013/06/29,08,141,1,,,,,
2013/06/29,09,162,2,,,,,
2013/06/29,10,156,3,,,,,
2013/06/29,11,150,2,,,,,
2013/06/29,12,149,1,,,,,
2013/06/29,13,153,1,,,,,
2013/06/29,14,154,2,,,,,
2013/06/29,15,159,1,,,,,
2013/06/29,16,153,2,,,,,
2013/06/29,17,155,1,,,,,
2013/06/29,18,151,2,,,,,
2013/06/29,19,150,1,,,,,
2013/06/29,20,152,3,,,,,
2013/06/29,21,158,3,,,,,
2013/06/29,22,138,2,,,,,
2013/06/29,23,130,2,,,,,
2013/06/29,24,123,2,,,,,
2013/06/30,01,124,2,,,,,
2013/06/30,02,119,2,,,,,
2013/06/30,03,114,2,,,,,
2013/06/30,04,103,2,,,,,
2013/06/30,05,105,2,,,,,
2013/06/30,06,106,2,,,,,
2013/06/30,07,144,2,,,,,
2013/06/30,08,135,2,,,,,
2013/06/30,09,165,2,,,,,
2013/06/30,10,155,3,,,,,
2013/06/30,11,152,3,,,,,
2013/06/30,12,151,3,,,,,
2013/06/30,13,152,3,,,,,
2013/06/30,14,153,3,,,,,
2013/06/30,15,157,2,,,,,
2013/06/30,16,149,2,,,,,
2013/06/30,17,151,3,,,,,
2013/06/30,18,148,2,,,,,
2013/06/30,19,153,2,,,,,
2013/06/30,20,147,2,,,,,
2013/06/30,21,154,2,,,,,
2013/06/30,22,138,2,,,,,
2013/06/30,23,129,2,,,,,
2013/06/30,24,122,2,,,,,
2013/07/01,01,127,2,,,,,
2013/07/01,02,121,2,,,,,
2013/07/01,03,114,2,,,,,
2013/07/01,04,101,2,,,,,
2013/07/01,05,105,2,,,,,
2013/07/01,06,104,3,,,,,
2013/07/01,07,140,3,,,,,
2013/07/01,08,144,3,,,,,
2013/07/01,09,166,4,,,,,
2013/07/01,10,163,4,,,,,
2013/07/01,11,157,3,,,,,
2013/07/01,12,152,3,,,,,
2013/07/01,13,158,3,,,,,
2013/07/01,14,156,3,,,,,
2013/07/01,15,161,3,,,,,
2013/07/01,16,154,4,,,,,
2013/07/01,17,157,3,,,,,
2013/07/01,18,150,3,,,,,
2013/07/01,19,153,3,,,,,
2013/07/01,20,150,4,,,,,
2013/07/01,21,157,4,,,,,
2013/07/01,22,139,2,,,,,
2013/07/01,23,128,2,,,,,
2013/07/01,24,121,2,,,,,
2013/07/02,01,121,2,,,,,
2013/07/02,02,117,2,,,,,
2013/07/02,03,111,2,,,,,
2013/07/02,04,99,2,,,,,
2013/07/02,05,101,2,,,,,
2013/07/02,06,103,2,,,,,
2013/07/02,07,139,2,,,,,
2013/07/02,08,139,2,,,,,
2013/07/02,09,163,3,,,,,
2013/07/02,10,158,3,,,,,
2013/07/02,11,153,3,,,,,
2013/07/02,12,155,3,,,,,
2013/07/02,13,151,3,,,,,
2013/07/02,14,156,3,,,,,
2013/07/02,15,157,3,,,,,
2013/07/02,16,160,3,,,,,
2013/07/02,17,155,3,,,,,
2013/07/02,18,153,2,,,,,
2013/07/02,19,155,2,,,,,
2013/07/02,20,153,2,,,,,
2013/07/02,21,158,3,,,,,
2013/07/02,22,133,2,,,,,
2013/07/02,23,126,2,,,,,
2013/07/02,24,125,2,,,,,
2013/07/03,01,128,2,,,,,
2013/07/03,02,122,2,,,,,
2013/07/03,03,115,2,,,,,
2013/07/03,04,102,2,,,,,
2013/07/03,05,104,2,,,,,
2013/07/03,06,106,2,,,,,
2013/07/03,07,144,3,,,,,
2013/07/03,08,143,4,,,,,
2013/07/03,09,165,4,,,,,
2013/07/03,10,160,5,,,,,
2013/07/03,11,156,3,,,,,
2013/07/03,12,158,3,,,,,
2013/07/03,13,154,3,,,,,
2013/07/03,14,161,3,,,,,
2013/07/03,15,160,3,,,,,
2013/07/03,16,156,3,,,,,
2013/07/03,17,152,3,,,,,
2013/07/03,18,151,4,,,,,
2013/07/03,19,150,3,,,,,
2013/07/03,20,145,3,,,,,
2013/07/03,21,159,2,,,,,
2013/07/03,22,143,2,,,,,
2013/07/03,23,133,2,,,,,
2013/07/03,24,124,2,,,,,
2013/07/04,01,126,2,,,,,
2013/07/04,02,122,2,,,,,
2013/07/04,03,115,2,,,,,
2013/07/04,04,103,2,,,,,
2013/07/04,05,106,2,,,,,
2013/07/04,06,107,3,,,,,
2013/07/04,07,140,2,,,,,
2013/07/04,08,139,3,,,,,
2013/07/04,09,165,3,,,,,
2013/07/04,10,160,4,,,,,
2013/07/04,11,158,5,,,,,
2013/07/04,12,158,5,,,,,
2013/07/04,13,153,4,,,,,
2013/07/04,14,160,4,,,,,
2013/07/04,15,159,4,,,,,
2013/07/04,16,151,4,,,,,
2013/07/04,17,155,3,,,,,
2013/07/04,18,156,4,,,,,
2013/07/04,19,157,4,,,,,
2013/07/04,20,151,4,,,,,
2013/07/04,21,154,4,,,,,
2013/07/04,22,134,2,,,,,
2013/07/04,23,127,2,,,,,
2013/07/04,24,123,2,,,,,
2013/07/05,01,125,3,,,,,
2013/07/05,02,122,2,,,,,
2013/07/05,03,114,2,,,,,
2013/07/05,04,105,2,,,,,
2013/07/05,05,107,2,,,,,
2013/07/05,06,109,2,,,,,
2013/07/05,07,146,3,,,,,
2013/07/05,08,140,4,,,,,
2013/07/05,09,169,3,,,,,
2013/07/05,10,162,4,,,,,
2013/07/05,11,157,4,,,,,
2013/07/05,12,159,4,,,,,
2013/07/05,13,155,1,,,,,
2013/07/05,14,157,2,,,,,
2013/07/05,15,163,2,,,,,
2013/07/05,16,154,2,,,,,
2013/07/05,17,156,1,,,,,
2013/07/05,18,156,1,,,,,
2013/07/05,19,156,2,,,,,
2013/07/05,20,151,1,,,,,
2013/07/05,21,155,1,,,,,
2013/07/05,22,141,1,,,,,
2013/07/05,23,132,1,,,,,
2013/07/05,24,128,1,,,,,
2013/07/06,01,126,1,,,,,
2013/07/06,02,126,1,,,,,
2013/07/06,03,115,1,,,,,
2013/07/06,04,107,1,,,,,
2013/07/06,05,111,1,,,,,
2013/07/06,06,110,1,,,,,
2013/07/06,07,155,1,,,,,
2013/07/06,08,146,2,,,,,
2013/07/06,09,170,2,,,,,
2013/07/06,10,161,2,,,,,
2013/07/06,11,165,2,,,,,
2013/07/06,12,159,2,,,,,
2013/07/06,13,163,3,,,,,
2013/07/06,14,172,5,,,,,
2013/07/06,15,169,3,,,,,
2013/07/06,16,161,4,,,,,
2013/07/06,17,162,3,,,,,
2013/07/06,18,163,1,,,,,
2013/07/06,19,163,1,,,,,
2013/07/06,20,159,1,,,,,
2013/07/06,21,164,1,,,,,
2013/07/06,22,153,1,,,,,
2013/07/06,23,143,1,,,,,
2013/07/06,24,138,1,,,,,
2013/07/07,01,132,0,,,,,
2013/07/07,02,128,1,,,,,
2013/07/07,03,117,1,,,,,
2013/07/07,04,101,1,,,,,
2013/07/07,05,109,1,,,,,
2013/07/07,06,110,1,,,,,
2013/07/07,07,156,1,,,,,
2013/07/07,08,161,1,,,,,
2013/07/07,09,176,1,,,,,
2013/07/07,10,168,1,,,,,
2013/07/07,11,167,1,,,,,
2013/07/07,12,161,1,,,,,
2013/07/07,13,166,1,,,,,
2013/07/07,14,170,2,,,,,
2013/07/07,15,170,2,,,,,
2013/07/07,16,161,1,,,,,
2013/07/07,17,163,2,,,,,
2013/07/07,18,164,0,,,,,
2013/07/07,19,157,1,,,,,
2013/07/07,20,154,2,,,,,
2013/07/07,21,162,2,,,,,
2013/07/07,22,150,1,,,,,
2013/07/07,23,135,1,,,,,
2013/07/07,24,129,1,,,,,
2013/07/08,01,130,1,,,,,
2013/07/08,02,128,1,,,,,
2013/07/08,03,117,1,,,,,
2013/07/08,04,109,1,,,,,
2013/07/08,05,109,1,,,,,
2013/07/08,06,110,1,,,,,
2013/07/08,07,154,1,,,,,
2013/07/08,08,171,2,,,,,
2013/07/08,09,176,2,,,,,
2013/07/08,10,174,4,,,,,
2013/07/08,11,166,4,,,,,
2013/07/08,12,171,4,,,,,
2013/07/08,13,168,3,,,,,
2013/07/08,14,177,5,,,,,
2013/07/08,15,178,4,,,,,
2013/07/08,16,167,4,,,,,
2013/07/08,17,168,5,,,,,
2013/07/08,18,177,5,,,,,
2013/07/08,19,171,3,,,,,
2013/07/08,20,170,3,,,,,
2013/07/08,21,170,3,,,,,
2013/07/08,22,155,3,,,,,
2013/07/08,23,142,2,,,,,
2013/07/08,24,135,2,,,,,
2013/07/09,01,135,2,,,,,
2013/07/09,02,132,2,,,,,
2013/07/09,03,124,3,,,,,
2013/07/09,04,111,3,,,,,
2013/07/09,05,112,2,,,,,
2013/07/09,06,112,3,,,,,
2013/07/09,07,160,2,,,,,
2013/07/09,08,163,4,,,,,
2013/07/09,09,177,3,,,,,
2013/07/09,10,172,5,,,,,
2013/07/09,11,168,5,,,,,
2013/07/09,12,171,6,,,,,
2013/07/09,13,169,6,,,,,
2013/07/09,14,170,5,,,,,
2013/07/09,15,169,4,,,,,
2013/07/09,16,164,5,,,,,
2013/07/09,17,165,3,,,,,
2013/07/09,18,170,4,,,,,
2013/07/09,19,167,3,,,,,
2013/07/09,20,157,1,,,,,
2013/07/09,21,161,1,,,,,
2013/07/09,22,143,2,,,,,
2013/07/09,23,136,1,,,,,
2013/07/09,24,131,1,,,,,
2013/07/10,01,133,1,,,,,
2013/07/10,02,128,1,,,,,
2013/07/10,03,120,1,,,,,
2013/07/10,04,111,1,,,,,
2013/07/10,05,111,1,,,,,
2013/07/10,06,112,1,,,,,
2013/07/10,07,167,3,,,,,
2013/07/10,08,166,3,,,,,
2013/07/10,09,176,2,,,,,
2013/07/10,10,177,2,,,,,
2013/07/10,11,170,1,,,,,
2013/07/10,12,168,3,,,,,
2013/07/10,13,156,9,,,,,
2013/07/10,14,156,9,,,,,
2013/07/10,15,90,4,,,,,
2013/07/10,16,167,9,,,,,
2013/07/10,17,170,9,,,,,
2013/07/10,18,171,9,,,,,
2013/07/10,19,172,9,,,,,
2013/07/10,20,166,7,,,,,
2013/07/10,21,166,7,,,,,
2013/07/10,22,157,6,,,,,
2013/07/10,23,152,6,,,,,
2013/07/10,24,140,4,,,,,
2013/07/11,01,137,4,,,,,
2013/07/11,02,134,4,,,,,
2013/07/11,03,126,4,,,,,
2013/07/11,04,119,4,,,,,
2013/07/11,05,114,4,,,,,
2013/07/11,06,117,4,,,,,
2013/07/11,07,162,5,,,,,
2013/07/11,08,172,9,,,,,
2013/07/11,09,173,8,,,,,
2013/07/11,10,171,7,,,,,
2013/07/11,11,169,9,,,,,
2013/07/11,12,168,8,,,,,
2013/07/11,13,167,10,,,,,
2013/07/11,14,174,8,,,,,
2013/07/11,15,175,9,,,,,
2013/07/11,16,166,9,,,,,
2013/07/11,17,171,8,,,,,
2013/07/11,18,171,10,,,,,
2013/07/11,19,165,7,,,,,
2013/07/11,20,164,7,,,,,
2013/07/11,21,168,7,,,,,
2013/07/11,22,154,7,,,,,
2013/07/11,23,151,3,,,,,
2013/07/11,24,144,2,,,,,
2013/07/12,01,142,4,,,,,
2013/07/12,02,133,1,,,,,
2013/07/12,03,123,1,,,,,
2013/07/12,04,118,1,,,,,
2013/07/12,05,115,1,,,,,
2013/07/12,06,115,1,,,,,
2013/07/12,07,165,5,,,,,
2013/07/12,08,174,8,,,,,
2013/07/12,09,183,9,,,,,
2013/07/12,10,174,9,,,,,
2013/07/12,11,171,8,,,,,
2013/07/12,12,173,10,,,,,
2013/07/12,13,169,9,,,,,
2013/07/12,14,173,10,,,,,
2013/07/12,15,168,10,,,,,
2013/07/12,16,167,8,,,,,
2013/07/12,17,168,10,,,,,
2013/07/12,18,175,10,,,,,
2013/07/12,19,171,10,,,,,
2013/07/12,20,170,7,,,,,
2013/07/12,21,172,6,,,,,
2013/07/12,22,154,3,,,,,
2013/07/12,23,146,2,,,,,
2013/07/12,24,142,1,,,,,
2013/07/13,01,140,1,,,,,
2013/07/13,02,136,1,,,,,
2013/07/13,03,126,1,,,,,
2013/07/13,04,121,1,,,,,
2013/07/13,05,117,1,,,,,
2013/07/13,06,116,1,,,,,
2013/07/13,07,153,1,,,,,
2013/07/13,08,179,8,,,,,
2013/07/13,09,176,9,,,,,
2013/07/13,10,175,8,,,,,
2013/07/13,11,175,10,,,,,
2013/07/13,12,171,10,,,,,
2013/07/13,13,177,11,,,,,
2013/07/13,14,179,11,,,,,
2013/07/13,15,173,10,,,,,
2013/07/13,16,166,11,,,,,
2013/07/13,17,173,9,,,,,
2013/07/13,18,173,10,,,,,
2013/07/13,19,173,8,,,,,
2013/07/13,20,171,8,,,,,
2013/07/13,21,177,7,,,,,
2013/07/13,22,163,7,,,,,
2013/07/13,23,156,5,,,,,
2013/07/13,24,142,2,,,,,
2013/07/14,01,138,1,,,,,
2013/07/14,02,132,1,,,,,
2013/07/14,03,124,1,,,,,
2013/07/14,04,120,1,,,,,
2013/07/14,05,114,1,,,,,
2013/07/14,06,115,1,,,,,
2013/07/14,07,161,3,,,,,
2013/07/14,08,174,9,,,,,
2013/07/14,09,177,8,,,,,
2013/07/14,10,173,9,,,,,
2013/07/14,11,173,10,,,,,
2013/07/14,12,174,11,,,,,
2013/07/14,13,169,10,,,,,
2013/07/14,14,171,9,,,,,
2013/07/14,15,176,11,,,,,
2013/07/14,16,168,9,,,,,
2013/07/14,17,167,8,,,,,
2013/07/14,18,170,8,,,,,
2013/07/14,19,167,7,,,,,
2013/07/14,20,164,6,,,,,
2013/07/14,21,170,6,,,,,
2013/07/14,22,155,6,,,,,
2013/07/14,23,149,4,,,,,
2013/07/14,24,134,1,,,,,
2013/07/15,01,134,1,,,,,
2013/07/15,02,131,1,,,,,
2013/07/15,03,122,1,,,,,
2013/07/15,04,116,1,,,,,
2013/07/15,05,113,1,,,,,
2013/07/15,06,113,1,,,,,
2013/07/15,07,161,3,,,,,
2013/07/15,08,170,7,,,,,
2013/07/15,09,170,7,,,,,
2013/07/15,10,167,7,,,,,
2013/07/15,11,166,8,,,,,
2013/07/15,12,166,8,,,,,
2013/07/15,13,173,9,,,,,
2013/07/15,14,175,9,,,,,
2013/07/15,15,169,8,,,,,
2013/07/15,16,168,9,,,,,
2013/07/15,17,167,8,,,,,
2013/07/15,18,168,9,,,,,
2013/07/15,19,166,9,,,,,
2013/07/15,20,160,6,,,,,
2013/07/15,21,162,7,,,,,
2013/07/15,22,150,6,,,,,
2013/07/15,23,138,3,,,,,
2013/07/15,24,127,1,,,,,
2013/07/16,01,127,1,,,,,
2013/07/16,02,123,1,,,,,
2013/07/16,03,116,1,,,,,
2013/07/16,04,109,1,,,,,
2013/07/16,05,107,1,,,,,
2013/07/16,06,109,1,,,,,
2013/07/16,07,146,3,,,,,
2013/07/16,08,166,6,,,,,
2013/07/16,09,165,6,,,,,
2013/07/16,10,163,6,,,,,
2013/07/16,11,158,6,,,,,
2013/07/16,12,152,7,,,,,
2013/07/16,13,153,6,,,,,
2013/07/16,14,162,8,,,,,
2013/07/16,15,158,7,,,,,
2013/07/16,16,158,6,,,,,
2013/07/16,17,158,7,,,,,
2013/07/16,18,154,8,,,,,
2013/07/16,19,153,6,,,,,
2013/07/16,20,146,5,,,,,
2013/07/16,21,157,5,,,,,
2013/07/16,22,148,5,,,,,
2013/07/16,23,132,1,,,,,
2013/07/16,24,128,2,,,,,
2013/07/17,01,128,1,,,,,
2013/07/17,02,121,1,,,,,
2013/07/17,03,115,1,,,,,
2013/07/17,04,108,1,,,,,
2013/07/17,05,116,1,,,,,
2013/07/17,06,116,2,,,,,
2013/07/17,07,151,5,,,,,
2013/07/17,08,161,7,,,,,
2013/07/17,09,165,6,,,,,
2013/07/17,10,167,5,,,,,
2013/07/17,11,160,5,,,,,
2013/07/17,12,165,6,,,,,
2013/07/17,13,163,6,,,,,
2013/07/17,14,164,6,,,,,
2013/07/17,15,166,6,,,,,
2013/07/17,16,158,7,,,,,
2013/07/17,17,163,6,,,,,
2013/07/17,18,159,7,,,,,
2013/07/17,19,163,5,,,,,
2013/07/17,20,152,4,,,,,
2013/07/17,21,161,4,,,,,
2013/07/17,22,147,4,,,,,
2013/07/17,23,136,2,,,,,
2013/07/17,24,127,1,,,,,
2013/07/18,01,128,1,,,,,
2013/07/18,02,122,1,,,,,
2013/07/18,03,115,1,,,,,
2013/07/18,04,106,1,,,,,
2013/07/18,05,110,1,,,,,
2013/07/18,06,110,1,,,,,
2013/07/18,07,156,3,,,,,
2013/07/18,08,144,6,,,,,
2013/07/18,09,168,8,,,,,
2013/07/18,10,167,7,,,,,
2013/07/18,11,161,8,,,,,
2013/07/18,12,160,7,,,,,
2013/07/18,13,164,8,,,,,
2013/07/18,14,167,7,,,,,
2013/07/18,15,167,7,,,,,
2013/07/18,16,165,7,,,,,
2013/07/18,17,164,8,,,,,
2013/07/18,18,166,8,,,,,
2013/07/18,19,164,8,,,,,
2013/07/18,20,163,7,,,,,
2013/07/18,21,171,6,,,,,
2013/07/18,22,155,5,,,,,
2013/07/18,23,140,2,,,,,
2013/07/18,24,134,1,,,,,
2013/07/19,01,134,1,,,,,
2013/07/19,02,129,1,,,,,
2013/07/19,03,119,1,,,,,
2013/07/19,04,111,2,,,,,
2013/07/19,05,107,1,,,,,
2013/07/19,06,103,1,,,,,
2013/07/19,07,159,3,,,,,
2013/07/19,08,160,6,,,,,
2013/07/19,09,166,7,,,,,
2013/07/19,10,161,6,,,,,
2013/07/19,11,157,7,,,,,
2013/07/19,12,158,6,,,,,
2013/07/19,13,161,6,,,,,
2013/07/19,14,162,6,,,,,
2013/07/19,15,162,6,,,,,
2013/07/19,16,154,6,,,,,
2013/07/19,17,157,6,,,,,
2013/07/19,18,162,7,,,,,
2013/07/19,19,159,8,,,,,
2013/07/19,20,153,5,,,,,
2013/07/19,21,157,5,,,,,
2013/07/19,22,144,4,,,,,
2013/07/19,23,128,2,,,,,
2013/07/19,24,125,1,,,,,
2013/07/20,01,125,1,,,,,
2013/07/20,02,123,1,,,,,
2013/07/20,03,111,1,,,,,
2013/07/20,04,102,1,,,,,
2013/07/20,05,108,1,,,,,
2013/07/20,06,107,1,,,,,
2013/07/20,07,144,2,,,,,
2013/07/20,08,155,6,,,,,
2013/07/20,09,166,6,,,,,
2013/07/20,10,159,7,,,,,
2013/07/20,11,152,6,,,,,
2013/07/20,12,153,6,,,,,
2013/07/20,13,149,6,,,,,
2013/07/20,14,157,5,,,,,
2013/07/20,15,154,5,,,,,
2013/07/20,16,153,7,,,,,
2013/07/20,17,158,5,,,,,
2013/07/20,18,153,6,,,,,
2013/07/20,19,150,5,,,,,
2013/07/20,20,146,4,,,,,
2013/07/20,21,159,4,,,,,
2013/07/20,22,144,4,,,,,
2013/07/20,23,137,3,,,,,
2013/07/20,24,125,1,,,,,
2013/07/21,01,127,1,,,,,
2013/07/21,02,122,1,,,,,
2013/07/21,03,114,1,,,,,
2013/07/21,04,105,1,,,,,
2013/07/21,05,112,1,,,,,
2013/07/21,06,113,1,,,,,
2013/07/21,07,157,4,,,,,
2013/07/21,08,141,7,,,,,
2013/07/21,09,166,7,,,,,
2013/07/21,10,156,6,,,,,
2013/07/21,11,152,5,,,,,
2013/07/21,12,150,6,,,,,
2013/07/21,13,151,6,,,,,
2013/07/21,14,157,6,,,,,
2013/07/21,15,160,7,,,,,
2013/07/21,16,154,7,,,,,
2013/07/21,17,152,6,,,,,
2013/07/21,18,153,6,,,,,
2013/07/21,19,151,5,,,,,
2013/07/21,20,147,4,,,,,
2013/07/21,21,156,4,,,,,
2013/07/21,22,143,4,,,,,
2013/07/21,23,126,2,,,,,
2013/07/21,24,125,1,,,,,
2013/07/22,01,124,1,,,,,
2013/07/22,02,120,1,,,,,
2013/07/22,03,111,1,,,,,
2013/07/22,04,100,1,,,,,
2013/07/22,05,114,1,,,,,
2013/07/22,06,103,1,,,,,
2013/07/22,07,146,2,,,,,
2013/07/22,08,151,7,,,,,
2013/07/22,09,167,7,,,,,
2013/07/22,10,160,7,,,,,
2013/07/22,11,153,7,,,,,
2013/07/22,12,152,7,,,,,
2013/07/22,13,157,7,,,,,
2013/07/22,14,156,5,,,,,
2013/07/22,15,163,7,,,,,
2013/07/22,16,153,7,,,,,
2013/07/22,17,158,7,,,,,
2013/07/22,18,160,5,,,,,
2013/07/22,19,154,5,,,,,
2013/07/22,20,152,6,,,,,
2013/07/22,21,159,5,,,,,
2013/07/22,22,151,5,,,,,
2013/07/22,23,145,5,,,,,
2013/07/22,24,130,2,,,,,
2013/07/23,01,129,1,,,,,
2013/07/23,02,124,1,,,,,
2013/07/23,03,117,1,,,,,
2013/07/23,04,110,1,,,,,
2013/07/23,05,115,1,,,,,
2013/07/23,06,101,1,,,,,
2013/07/23,07,158,4,,,,,
2013/07/23,08,148,7,,,,,
2013/07/23,09,169,7,,,,,
2013/07/23,10,168,8,,,,,
2013/07/23,11,164,9,,,,,
2013/07/23,12,164,8,,,,,
2013/07/23,13,160,8,,,,,
2013/07/23,14,163,6,,,,,
2013/07/23,15,165,8,,,,,
2013/07/23,16,162,6,,,,,
2013/07/23,17,161,7,,,,,
2013/07/23,18,155,8,,,,,
2013/07/23,19,155,6,,,,,
2013/07/23,20,153,5,,,,,
2013/07/23,21,159,5,,,,,
2013/07/23,22,148,5,,,,,
2013/07/23,23,137,2,,,,,
2013/07/23,24,129,1,,,,,
2013/07/24,01,130,1,,,,,
2013/07/24,02,124,1,,,,,
2013/07/24,03,119,1,,,,,
2013/07/24,04,107,1,,,,,
2013/07/24,05,108,1,,,,,
2013/07/24,06,109,1,,,,,
2013/07/24,07,162,5,,,,,
2013/07/24,08,158,7,,,,,
2013/07/24,09,168,6,,,,,
2013/07/24,10,167,7,,,,,
2013/07/24,11,163,7,,,,,
2013/07/24,12,162,6,,,,,
2013/07/24,13,163,5,,,,,
2013/07/24,14,158,6,,,,,
2013/07/24,15,161,6,,,,,
2013/07/24,16,156,6,,,,,
2013/07/24,17,155,6,,,,,
2013/07/24,18,157,7,,,,,
2013/07/24,19,156,5,,,,,
2013/07/24,20,153,5,,,,,
2013/07/24,21,161,4,,,,,
2013/07/24,22,146,4,,,,,
2013/07/24,23,137,3,,,,,
2013/07/24,24,126,1,,,,,
2013/07/25,01,125,1,,,,,
2013/07/25,02,122,1,,,,,
2013/07/25,03,114,1,,,,,
2013/07/25,04,104,1,,,,,
2013/07/25,05,106,1,,,,,
2013/07/25,06,106,1,,,,,
2013/07/25,07,147,1,,,,,
2013/07/25,08,147,7,,,,,
2013/07/25,09,166,6,,,,,
2013/07/25,10,158,6,,,,,
2013/07/25,11,155,6,,,,,
2013/07/25,12,149,5,,,,,
2013/07/25,13,152,5,,,,,
2013/07/25,14,156,5,,,,,
2013/07/25,15,158,5,,,,,
2013/07/25,16,156,7,,,,,
2013/07/25,17,157,6,,,,,
2013/07/25,18,155,6,,,,,
2013/07/25,19,158,6,,,,,
2013/07/25,20,155,5,,,,,
2013/07/25,21,162,5,,,,,
2013/07/25,22,143,5,,,,,
2013/07/25,23,130,1,,,,,
2013/07/25,24,125,1,,,,,
2013/07/26,01,126,1,,,,,
2013/07/26,02,122,1,,,,,
2013/07/26,03,115,1,,,,,
2013/07/26,04,98,1,,,,,
2013/07/26,05,103,1,,,,,
2013/07/26,06,100,1,,,,,
2013/07/26,07,150,3,,,,,
2013/07/26,08,148,6,,,,,
2013/07/26,09,168,6,,,,,
2013/07/26,10,164,6,,,,,
2013/07/26,11,159,6,,,,,
2013/07/26,12,162,7,,,,,
2013/07/26,13,161,6,,,,,
2013/07/26,14,167,7,,,,,
2013/07/26,15,166,7,,,,,
2013/07/26,16,162,7,,,,,
2013/07/26,17,162,6,,,,,
2013/07/26,18,163,5,,,,,
2013/07/26,19,160,5,,,,,
2013/07/26,20,160,4,,,,,
2013/07/26,21,162,4,,,,,
2013/07/26,22,141,4,,,,,
2013/07/26,23,132,1,,,,,
2013/07/26,24,129,1,,,,,
2013/07/27,01,130,1,,,,,
2013/07/27,02,128,1,,,,,
2013/07/27,03,119,1,,,,,
2013/07/27,04,110,1,,,,,
2013/07/27,05,108,1,,,,,
2013/07/27,06,107,1,,,,,
2013/07/27,07,156,2,,,,,
2013/07/27,08,155,7,,,,,
2013/07/27,09,175,7,,,,,
2013/07/27,10,165,6,,,,,
2013/07/27,11,161,6,,,,,
2013/07/27,12,164,7,,,,,
2013/07/27,13,164,7,,,,,
2013/07/27,14,171,7,,,,,
2013/07/27,15,169,7,,,,,
2013/07/27,16,166,8,,,,,
2013/07/27,17,170,7,,,,,
2013/07/27,18,168,7,,,,,
2013/07/27,19,168,8,,,,,
2013/07/27,20,167,8,,,,,
2013/07/27,21,162,5,,,,,
2013/07/27,22,146,4,,,,,
2013/07/27,23,135,2,,,,,
2013/07/27,24,126,1,,,,,
2013/07/28,01,127,1,,,,,
2013/07/28,02,123,1,,,,,
2013/07/28,03,115,1,,,,,
2013/07/28,04,106,1,,,,,
2013/07/28,05,107,1,,,,,
2013/07/28,06,106,1,,,,,
2013/07/28,07,154,2,,,,,
2013/07/28,08,159,7,,,,,
2013/07/28,09,170,6,,,,,
2013/07/28,10,160,7,,,,,
2013/07/28,11,158,7,,,,,
2013/07/28,12,153,7,,,,,
2013/07/28,13,158,8,,,,,
2013/07/28,14,165,8,,,,,
2013/07/28,15,163,6,,,,,
2013/07/28,16,156,8,,,,,
2013/07/28,17,159,7,,,,,
2013/07/28,18,158,7,,,,,
2013/07/28,19,161,6,,,,,
2013/07/28,20,148,4,,,,,
2013/07/28,21,158,4,,,,,
2013/07/28,22,143,3,,,,,
2013/07/28,23,129,1,,,,,
2013/07/28,24,126,1,,,,,
2013/07/29,01,129,1,,,,,
2013/07/29,02,124,1,,,,,
2013/07/29,03,118,1,,,,,
2013/07/29,04,111,1,,,,,
2013/07/29,05,118,1,,,,,
2013/07/29,06,104,1,,,,,
2013/07/29,07,155,3,,,,,
2013/07/29,08,149,6,,,,,
2013/07/29,09,164,7,,,,,
2013/07/29,10,164,8,,,,,
2013/07/29,11,158,7,,,,,
2013/07/29,12,156,7,,,,,
2013/07/29,13,158,6,,,,,
2013/07/29,14,164,8,,,,,
2013/07/29,15,162,7,,,,,
2013/07/29,16,154,6,,,,,
2013/07/29,17,161,7,,,,,
2013/07/29,18,154,6,,,,,
2013/07/29,19,152,5,,,,,
2013/07/29,20,152,5,,,,,
2013/07/29,21,165,5,,,,,
2013/07/29,22,147,4,,,,,
2013/07/29,23,135,2,,,,,
2013/07/29,24,125,1,,,,,
2013/07/30,01,127,1,,,,,
2013/07/30,02,122,1,,,,,
2013/07/30,03,113,1,,,,,
2013/07/30,04,101,1,,,,,
2013/07/30,05,105,1,,,,,
2013/07/30,06,100,1,,,,,
2013/07/30,07,145,2,,,,,
2013/07/30,08,150,6,,,,,
2013/07/30,09,167,7,,,,,
2013/07/30,10,164,8,,,,,
2013/07/30,11,159,8,,,,,
2013/07/30,12,161,8,,,,,
2013/07/30,13,159,7,,,,,
2013/07/30,14,163,6,,,,,
2013/07/30,15,164,6,,,,,
2013/07/30,16,163,8,,,,,
2013/07/30,17,167,7,,,,,
2013/07/30,18,163,6,,,,,
2013/07/30,19,164,6,,,,,
2013/07/30,20,155,4,,,,,
2013/07/30,21,166,4,,,,,
2013/07/30,22,150,4,,,,,
2013/07/30,23,135,1,,,,,
2013/07/30,24,131,1,,,,,
2013/07/31,01,129,1,,,,,
2013/07/31,02,125,1,,,,,
2013/07/31,03,117,1,,,,,
2013/07/31,04,110,1,,,,,
2013/07/31,05,110,1,,,,,
2013/07/31,06,110,1,,,,,
2013/07/31,07,149,2,,,,,
2013/07/31,08,159,6,,,,,
2013/07/31,09,170,9,,,,,
2013/07/31,10,165,7,,,,,
2013/07/31,11,167,6,,,,,
2013/07/31,12,160,5,,,,,
2013/07/31,13,162,6,,,,,
2013/07/31,14,163,7,,,,,
2013/07/31,15,163,7,,,,,
2013/07/31,16,163,7,,,,,
2013/07/31,17,163,7,,,,,
2013/07/31,18,164,7,,,,,
2013/07/31,19,165,7,,,,,
2013/07/31,20,159,5,,,,,
2013/07/31,21,161,4,,,,,
2013/07/31,22,146,4,,,,,
2013/07/31,23,145,4,,,,,
2013/07/31,24,136,4,,,,,
2013/08/01,01,131,2,,,,,
2013/08/01,02,124,1,,,,,
2013/08/01,03,119,1,,,,,
2013/08/01,04,108,1,,,,,
2013/08/01,05,108,1,,,,,
2013/08/01,06,109,2,,,,,
2013/08/01,07,163,5,,,,,
2013/08/01,08,155,8,,,,,
2013/08/01,09,168,7,,,,,
2013/08/01,10,168,7,,,,,
2013/08/01,11,165,7,,,,,
2013/08/01,12,162,8,,,,,
2013/08/01,13,168,8,,,,,
2013/08/01,14,166,7,,,,,
2013/08/01,15,168,8,,,,,
2013/08/01,16,163,9,,,,,
2013/08/01,17,170,9,,,,,
2013/08/01,18,169,9,,,,,
2013/08/01,19,165,6,,,,,
2013/08/01,20,162,6,,,,,
2013/08/01,21,164,7,,,,,
2013/08/01,22,154,6,,,,,
2013/08/01,23,142,5,,,,,
2013/08/01,24,131,2,,,,,
2013/08/02,01,130,2,,,,,
2013/08/02,02,125,1,,,,,
2013/08/02,03,117,1,,,,,
2013/08/02,04,110,1,,,,,
2013/08/02,05,108,1,,,,,
2013/08/02,06,109,1,,,,,
2013/08/02,07,148,2,,,,,
2013/08/02,08,159,6,,,,,
2013/08/02,09,166,6,,,,,
2013/08/02,10,162,5,,,,,
2013/08/02,11,159,5,,,,,
2013/08/02,12,152,6,,,,,
2013/08/02,13,162,6,,,,,
2013/08/02,14,162,6,,,,,
2013/08/02,15,164,5,,,,,
2013/08/02,16,160,6,,,,,
2013/08/02,17,163,5,,,,,
2013/08/02,18,163,6,,,,,
2013/08/02,19,165,6,,,,,
2013/08/02,20,158,5,,,,,
2013/08/02,21,165,5,,,,,
2013/08/02,22,150,5,,,,,
2013/08/02,23,137,3,,,,,
2013/08/02,24,130,1,,,,,
2013/08/03,01,129,1,,,,,
2013/08/03,02,123,1,,,,,
2013/08/03,03,116,1,,,,,
2013/08/03,04,105,1,,,,,
2013/08/03,05,108,1,,,,,
2013/08/03,06,106,1,,,,,
2013/08/03,07,143,1,,,,,
2013/08/03,08,154,6,,,,,
2013/08/03,09,162,7,,,,,
2013/08/03,10,162,7,,,,,
2013/08/03,11,159,8,,,,,
2013/08/03,12,157,7,,,,,
2013/08/03,13,159,9,,,,,
2013/08/03,14,164,6,,,,,
2013/08/03,15,167,6,,,,,
2013/08/03,16,157,7,,,,,
2013/08/03,17,165,6,,,,,
2013/08/03,18,163,7,,,,,
2013/08/03,19,160,8,,,,,
2013/08/03,20,155,7,,,,,
2013/08/03,21,161,6,,,,,
2013/08/03,22,147,5,,,,,
2013/08/03,23,137,4,,,,,
2013/08/03,24,126,1,,,,,
2013/08/04,01,126,1,,,,,
2013/08/04,02,123,1,,,,,
2013/08/04,03,118,1,,,,,
2013/08/04,04,106,1,,,,,
2013/08/04,05,103,1,,,,,
2013/08/04,06,101,1,,,,,
2013/08/04,07,141,1,,,,,
2013/08/04,08,156,5,,,,,
2013/08/04,09,169,6,,,,,
2013/08/04,10,164,7,,,,,
2013/08/04,11,162,7,,,,,
2013/08/04,12,156,7,,,,,
2013/08/04,13,160,7,,,,,
2013/08/04,14,163,6,,,,,
2013/08/04,15,161,6,,,,,
2013/08/04,16,161,7,,,,,
2013/08/04,17,157,7,,,,,
2013/08/04,18,156,9,,,,,
2013/08/04,19,158,7,,,,,
2013/08/04,20,156,5,,,,,
2013/08/04,21,159,5,,,,,
2013/08/04,22,146,4,,,,,
2013/08/04,23,134,3,,,,,
2013/08/04,24,128,1,,,,,
2013/08/05,01,128,1,,,,,
2013/08/05,02,124,1,,,,,
2013/08/05,03,113,1,,,,,
2013/08/05,04,103,1,,,,,
2013/08/05,05,109,1,,,,,
2013/08/05,06,106,1,,,,,
2013/08/05,07,160,4,,,,,
2013/08/05,08,157,9,,,,,
2013/08/05,09,171,8,,,,,
2013/08/05,10,170,7,,,,,
2013/08/05,11,163,8,,,,,
2013/08/05,12,161,8,,,,,
2013/08/05,13,166,8,,,,,
2013/08/05,14,169,9,,,,,
2013/08/05,15,173,8,,,,,
2013/08/05,16,168,9,,,,,
2013/08/05,17,167,9,,,,,
2013/08/05,18,172,9,,,,,
2013/08/05,19,169,8,,,,,
2013/08/05,20,166,6,,,,,
2013/08/05,21,168,6,,,,,
2013/08/05,22,153,5,,,,,
2013/08/05,23,139,2,,,,,
2013/08/05,24,132,1,,,,,
2013/08/06,01,132,1,,,,,
2013/08/06,02,129,1,,,,,
2013/08/06,03,120,1,,,,,
2013/08/06,04,112,1,,,,,
2013/08/06,05,112,1,,,,,
2013/08/06,06,113,2,,,,,
2013/08/06,07,152,1,,,,,
2013/08/06,08,168,6,,,,,
2013/08/06,09,171,8,,,,,
2013/08/06,10,168,7,,,,,
2013/08/06,11,165,7,,,,,
2013/08/06,12,161,6,,,,,
2013/08/06,13,164,7,,,,,
2013/08/06,14,166,7,,,,,
2013/08/06,15,167,7,,,,,
2013/08/06,16,159,6,,,,,
2013/08/06,17,165,6,,,,,
2013/08/06,18,166,8,,,,,
2013/08/06,19,164,7,,,,,
2013/08/06,20,160,6,,,,,
2013/08/06,21,164,5,,,,,
2013/08/06,22,144,4,,,,,
2013/08/06,23,134,1,,,,,
2013/08/06,24,129,1,,,,,
2013/08/07,01,129,1,,,,,
2013/08/07,02,125,1,,,,,
2013/08/07,03,117,1,,,,,
2013/08/07,04,108,1,,,,,
2013/08/07,05,107,1,,,,,
2013/08/07,06,108,1,,,,,
2013/08/07,07,145,1,,,,,
2013/08/07,08,170,7,,,,,
2013/08/07,09,176,9,,,,,
2013/08/07,10,175,9,,,,,
2013/08/07,11,174,9,,,,,
2013/08/07,12,170,7,,,,,
2013/08/07,13,177,10,,,,,
2013/08/07,14,176,9,,,,,
2013/08/07,15,174,8,,,,,
2013/08/07,16,170,8,,,,,
2013/08/07,17,173,8,,,,,
2013/08/07,18,174,10,,,,,
2013/08/07,19,170,7,,,,,
2013/08/07,20,167,6,,,,,
2013/08/07,21,169,5,,,,,
2013/08/07,22,152,4,,,,,
2013/08/07,23,138,1,,,,,
2013/08/07,24,135,1,,,,,
2013/08/08,01,135,1,,,,,
2013/08/08,02,132,1,,,,,
2013/08/08,03,121,1,,,,,
2013/08/08,04,114,1,,,,,
2013/08/08,05,111,1,,,,,
2013/08/08,06,111,1,,,,,
2013/08/08,07,157,3,,,,,
2013/08/08,08,171,9,,,,,
2013/08/08,09,173,8,,,,,
2013/08/08,10,170,9,,,,,
2013/08/08,11,173,8,,,,,
2013/08/08,12,164,9,,,,,
2013/08/08,13,164,8,,,,,
2013/08/08,14,172,10,,,,,
2013/08/08,15,171,8,,,,,
2013/08/08,16,167,9,,,,,
2013/08/08,17,167,9,,,,,
2013/08/08,18,169,10,,,,,
2013/08/08,19,171,9,,,,,
2013/08/08,20,168,6,,,,,
2013/08/08,21,171,7,,,,,
2013/08/08,22,155,5,,,,,
2013/08/08,23,142,1,,,,,
2013/08/08,24,139,1,,,,,
2013/08/09,01,138,1,,,,,
2013/08/09,02,134,1,,,,,
2013/08/09,03,124,1,,,,,
2013/08/09,04,117,2,,,,,
2013/08/09,05,113,1,,,,,
2013/08/09,06,107,1,,,,,
2013/08/09,07,161,3,,,,,
2013/08/09,08,176,8,,,,,
2013/08/09,09,171,8,,,,,
2013/08/09,10,171,8,,,,,
2013/08/09,11,170,9,,,,,
2013/08/09,12,165,8,,,,,
2013/08/09,13,168,9,,,,,
2013/08/09,14,173,7,,,,,
2013/08/09,15,174,9,,,,,
2013/08/09,16,168,10,,,,,
2013/08/09,17,172,8,,,,,
2013/08/09,18,168,8,,,,,
2013/08/09,19,173,9,,,,,
2013/08/09,20,169,7,,,,,
2013/08/09,21,172,7,,,,,
2013/08/09,22,156,6,,,,,
2013/08/09,23,149,5,,,,,
2013/08/09,24,144,5,,,,,
2013/08/10,01,141,5,,,,,
2013/08/10,02,138,4,,,,,
2013/08/10,03,129,5,,,,,
2013/08/10,04,122,5,,,,,
2013/08/10,05,119,4,,,,,
2013/08/10,06,120,5,,,,,
2013/08/10,07,160,4,,,,,
2013/08/10,08,180,7,,,,,
2013/08/10,09,176,11,,,,,
2013/08/10,10,177,11,,,,,
2013/08/10,11,178,11,,,,,
2013/08/10,12,177,10,,,,,
2013/08/10,13,180,13,,,,,
2013/08/10,14,183,11,,,,,
2013/08/10,15,177,10,,,,,
2013/08/10,16,174,12,,,,,
2013/08/10,17,181,10,,,,,
2013/08/10,18,180,12,,,,,
2013/08/10,19,175,10,,,,,
2013/08/10,20,171,9,,,,,
2013/08/10,21,172,8,,,,,
2013/08/10,22,160,7,,,,,
2013/08/10,23,147,1,,,,,
2013/08/10,24,141,1,,,,,
2013/08/11,01,138,1,,,,,
2013/08/11,02,132,1,,,,,
2013/08/11,03,125,2,,,,,
2013/08/11,04,121,2,,,,,
2013/08/11,05,119,1,,,,,
2013/08/11,06,118,2,,,,,
2013/08/11,07,159,4,,,,,
2013/08/11,08,176,11,,,,,
2013/08/11,09,179,11,,,,,
2013/08/11,10,174,11,,,,,
2013/08/11,11,175,12,,,,,
2013/08/11,12,170,11,,,,,
2013/08/11,13,175,14,,,,,
2013/08/11,14,185,11,,,,,
2013/08/11,15,181,11,,,,,
2013/08/11,16,167,11,,,,,
2013/08/11,17,175,10,,,,,
2013/08/11,18,175,10,,,,,
2013/08/11,19,171,10,,,,,
2013/08/11,20,168,7,,,,,
2013/08/11,21,171,8,,,,,
2013/08/11,22,158,5,,,,,
2013/08/11,23,142,1,,,,,
2013/08/11,24,137,1,,,,,
2013/08/12,01,136,2,,,,,
2013/08/12,02,133,2,,,,,
2013/08/12,03,122,2,,,,,
2013/08/12,04,115,1,,,,,
2013/08/12,05,121,1,,,,,
2013/08/12,06,117,1,,,,,
2013/08/12,07,153,2,,,,,
2013/08/12,08,176,9,,,,,
2013/08/12,09,172,9,,,,,
2013/08/12,10,173,9,,,,,
2013/08/12,11,171,10,,,,,
2013/08/12,12,171,9,,,,,
2013/08/12,13,164,11,,,,,
2013/08/12,14,171,10,,,,,
2013/08/12,15,175,10,,,,,
2013/08/12,16,169,9,,,,,
2013/08/12,17,178,11,,,,,
2013/08/12,18,173,9,,,,,
2013/08/12,19,174,9,,,,,
2013/08/12,20,164,7,,,,,
2013/08/12,21,162,6,,,,,
2013/08/12,22,154,8,,,,,
2013/08/12,23,146,5,,,,,
2013/08/12,24,136,3,,,,,
2013/08/13,01,131,1,,,,,
2013/08/13,02,126,1,,,,,
2013/08/13,03,118,1,,,,,
2013/08/13,04,114,2,,,,,
2013/08/13,05,114,1,,,,,
2013/08/13,06,112,2,,,,,
2013/08/13,07,153,1,,,,,
2013/08/13,08,171,7,,,,,
2013/08/13,09,168,8,,,,,
2013/08/13,10,169,9,,,,,
2013/08/13,11,167,12,,,,,
2013/08/13,12,168,9,,,,,
2013/08/13,13,162,10,,,,,
2013/08/13,14,165,7,,,,,
2013/08/13,15,170,9,,,,,
2013/08/13,16,164,9,,,,,
2013/08/13,17,167,8,,,,,
2013/08/13,18,173,10,,,,,
2013/08/13,19,167,9,,,,,
2013/08/13,20,161,6,,,,,
2013/08/13,21,163,6,,,,,
2013/08/13,22,146,4,,,,,
2013/08/13,23,140,4,,,,,
2013/08/13,24,133,1,,,,,
2013/08/14,01,131,1,,,,,
2013/08/14,02,126,1,,,,,
2013/08/14,03,122,1,,,,,
2013/08/14,04,116,2,,,,,
2013/08/14,05,115,1,,,,,
2013/08/14,06,115,3,,,,,
2013/08/14,07,154,3,,,,,
2013/08/14,08,180,8,,,,,
2013/08/14,09,170,10,,,,,
2013/08/14,10,171,7,,,,,
2013/08/14,11,173,8,,,,,
2013/08/14,12,171,8,,,,,
2013/08/14,13,170,10,,,,,
2013/08/14,14,174,9,,,,,
2013/08/14,15,171,7,,,,,
2013/08/14,16,165,7,,,,,
2013/08/14,17,166,9,,,,,
2013/08/14,18,170,9,,,,,
2013/08/14,19,167,8,,,,,
2013/08/14,20,160,7,,,,,
2013/08/14,21,165,5,,,,,
2013/08/14,22,152,5,,,,,
2013/08/14,23,147,4,,,,,
2013/08/14,24,133,1,,,,,
2013/08/15,01,131,1,,,,,
2013/08/15,02,128,1,,,,,
2013/08/15,03,121,1,,,,,
2013/08/15,04,117,2,,,,,
2013/08/15,05,113,1,,,,,
2013/08/15,06,107,2,,,,,
2013/08/15,07,165,5,,,,,
2013/08/15,08,170,8,,,,,
2013/08/15,09,168,10,,,,,
2013/08/15,10,165,9,,,,,
2013/08/15,11,165,9,,,,,
2013/08/15,12,164,11,,,,,
2013/08/15,13,163,11,,,,,
2013/08/15,14,170,12,,,,,
2013/08/15,15,169,11,,,,,
2013/08/15,16,161,10,,,,,
2013/08/15,17,159,9,,,,,
2013/08/15,18,166,11,,,,,
2013/08/15,19,168,11,,,,,
2013/08/15,20,162,10,,,,,
2013/08/15,21,168,10,,,,,
2013/08/15,22,149,6,,,,,
2013/08/15,23,138,3,,,,,
2013/08/15,24,134,3,,,,,
2013/08/16,01,135,3,,,,,
2013/08/16,02,130,3,,,,,
2013/08/16,03,125,3,,,,,
2013/08/16,04,118,4,,,,,
2013/08/16,05,115,3,,,,,
2013/08/16,06,110,3,,,,,
2013/08/16,07,153,3,,,,,
2013/08/16,08,180,10,,,,,
2013/08/16,09,170,12,,,,,
2013/08/16,10,172,9,,,,,
2013/08/16,11,165,10,,,,,
2013/08/16,12,164,11,,,,,
2013/08/16,13,161,12,,,,,
2013/08/16,14,169,10,,,,,
2013/08/16,15,173,11,,,,,
2013/08/16,16,163,10,,,,,
2013/08/16,17,161,10,,,,,
2013/08/16,18,161,10,,,,,
2013/08/16,19,161,8,,,,,
2013/08/16,20,158,9,,,,,
2013/08/16,21,162,8,,,,,
2013/08/16,22,147,6,,,,,
2013/08/16,23,137,4,,,,,
2013/08/16,24,134,4,,,,,
2013/08/17,01,131,4,,,,,
2013/08/17,02,127,4,,,,,
2013/08/17,03,123,5,,,,,
2013/08/17,04,113,4,,,,,
2013/08/17,05,113,4,,,,,
2013/08/17,06,114,4,,,,,
2013/08/17,07,152,4,,,,,
2013/08/17,08,165,7,,,,,
2013/08/17,09,167,8,,,,,
2013/08/17,10,166,8,,,,,
2013/08/17,11,162,8,,,,,
2013/08/17,12,161,8,,,,,
2013/08/17,13,160,10,,,,,
2013/08/17,14,166,9,,,,,
2013/08/17,15,165,7,,,,,
2013/08/17,16,165,7,,,,,
2013/08/17,17,163,9,,,,,
2013/08/17,18,162,8,,,,,
2013/08/17,19,165,9,,,,,
2013/08/17,20,154,7,,,,,
2013/08/17,21,161,6,,,,,
2013/08/17,22,149,7,,,,,
2013/08/17,23,143,4,,,,,
2013/08/17,24,131,1,,,,,
2013/08/18,01,130,1,,,,,
2013/08/18,02,127,1,,,,,
2013/08/18,03,121,2,,,,,
2013/08/18,04,115,1,,,,,
2013/08/18,05,113,1,,,,,
2013/08/18,06,112,2,,,,,
2013/08/18,07,158,2,,,,,
2013/08/18,08,163,7,,,,,
2013/08/18,09,170,8,,,,,
2013/08/18,10,168,9,,,,,
2013/08/18,11,165,8,,,,,
2013/08/18,12,160,7,,,,,
2013/08/18,13,164,8,,,,,
2013/08/18,14,165,8,,,,,
2013/08/18,15,167,9,,,,,
2013/08/18,16,160,8,,,,,
2013/08/18,17,166,8,,,,,
2013/08/18,18,169,10,,,,,
2013/08/18,19,166,8,,,,,
2013/08/18,20,161,7,,,,,
2013/08/18,21,166,7,,,,,
2013/08/18,22,153,5,,,,,
2013/08/18,23,139,2,,,,,
2013/08/18,24,132,1,,,,,
2013/08/19,01,134,1,,,,,
2013/08/19,02,129,1,,,,,
2013/08/19,03,131,2,,,,,
2013/08/19,04,129,1,,,,,
2013/08/19,05,120,1,,,,,
2013/08/19,06,114,1,,,,,
2013/08/19,07,153,2,,,,,
2013/08/19,08,179,9,,,,,
2013/08/19,09,169,10,,,,,
2013/08/19,10,169,9,,,,,
2013/08/19,11,171,9,,,,,
2013/08/19,12,164,10,,,,,
2013/08/19,13,162,9,,,,,
2013/08/19,14,174,10,,,,,
2013/08/19,15,168,11,,,,,
2013/08/19,16,166,11,,,,,
2013/08/19,17,166,8,,,,,
2013/08/19,18,168,11,,,,,
2013/08/19,19,170,10,,,,,
2013/08/19,20,167,7,,,,,
2013/08/19,21,169,6,,,,,
2013/08/19,22,158,7,,,,,
2013/08/19,23,148,5,,,,,
2013/08/19,24,137,1,,,,,
2013/08/20,01,135,1,,,,,
2013/08/20,02,132,1,,,,,
2013/08/20,03,124,1,,,,,
2013/08/20,04,119,2,,,,,
2013/08/20,05,117,1,,,,,
2013/08/20,06,118,2,,,,,
2013/08/20,07,155,1,,,,,
2013/08/20,08,176,7,,,,,
2013/08/20,09,170,8,,,,,
2013/08/20,10,174,9,,,,,
2013/08/20,11,166,8,,,,,
2013/08/20,12,166,9,,,,,
2013/08/20,13,166,9,,,,,
2013/08/20,14,169,8,,,,,
2013/08/20,15,171,10,,,,,
2013/08/20,16,163,9,,,,,
2013/08/20,17,169,10,,,,,
2013/08/20,18,171,9,,,,,
2013/08/20,19,167,9,,,,,
2013/08/20,20,165,8,,,,,
2013/08/20,21,170,7,,,,,
2013/08/20,22,155,6,,,,,
2013/08/20,23,142,1,,,,,
2013/08/20,24,136,1,,,,,
2013/08/21,01,135,1,,,,,
2013/08/21,02,132,1,,,,,
2013/08/21,03,125,1,,,,,
2013/08/21,04,119,2,,,,,
2013/08/21,05,115,1,,,,,
2013/08/21,06,115,2,,,,,
2013/08/21,07,169,6,,,,,
2013/08/21,08,174,9,,,,,
2013/08/21,09,170,8,,,,,
2013/08/21,10,172,8,,,,,
2013/08/21,11,172,8,,,,,
2013/08/21,12,176,9,,,,,
2013/08/21,13,165,10,,,,,
2013/08/21,14,175,10,,,,,
2013/08/21,15,176,9,,,,,
2013/08/21,16,168,9,,,,,
2013/08/21,17,176,10,,,,,
2013/08/21,18,175,9,,,,,
2013/08/21,19,175,9,,,,,
2013/08/21,20,174,7,,,,,
2013/08/21,21,172,7,,,,,
2013/08/21,22,161,7,,,,,
2013/08/21,23,148,4,,,,,
2013/08/21,24,139,1,,,,,
2013/08/22,01,134,1,,,,,
2013/08/22,02,131,1,,,,,
2013/08/22,03,122,1,,,,,
2013/08/22,04,118,2,,,,,
2013/08/22,05,115,1,,,,,
2013/08/22,06,113,1,,,,,
2013/08/22,07,161,4,,,,,
2013/08/22,08,167,7,,,,,
2013/08/22,09,166,8,,,,,
2013/08/22,10,168,10,,,,,
2013/08/22,11,160,8,,,,,
2013/08/22,12,160,8,,,,,
2013/08/22,13,162,10,,,,,
2013/08/22,14,165,8,,,,,
2013/08/22,15,169,8,,,,,
2013/08/22,16,163,9,,,,,
2013/08/22,17,170,10,,,,,
2013/08/22,18,170,11,,,,,
2013/08/22,19,170,9,,,,,
2013/08/22,20,165,8,,,,,
2013/08/22,21,171,7,,,,,
2013/08/22,22,152,6,,,,,
2013/08/22,23,139,1,,,,,
2013/08/22,24,136,1,,,,,
2013/08/23,01,134,2,,,,,
2013/08/23,02,131,2,,,,,
2013/08/23,03,124,2,,,,,
2013/08/23,04,116,1,,,,,
2013/08/23,05,114,1,,,,,
2013/08/23,06,106,2,,,,,
2013/08/23,07,156,3,,,,,
2013/08/23,08,178,8,,,,,
2013/08/23,09,178,10,,,,,
2013/08/23,10,166,9,,,,,
2013/08/23,11,167,10,,,,,
2013/08/23,12,166,11,,,,,
2013/08/23,13,163,10,,,,,
2013/08/23,14,165,10,,,,,
2013/08/23,15,158,9,,,,,
2013/08/23,16,153,8,,,,,
2013/08/23,17,163,8,,,,,
2013/08/23,18,161,9,,,,,
2013/08/23,19,156,7,,,,,
2013/08/23,20,150,6,,,,,
2013/08/23,21,157,6,,,,,
2013/08/23,22,150,6,,,,,
2013/08/23,23,136,3,,,,,
2013/08/23,24,128,1,,,,,
2013/08/24,01,126,1,,,,,
2013/08/24,02,121,1,,,,,
2013/08/24,03,119,1,,,,,
2013/08/24,04,113,2,,,,,
2013/08/24,05,111,1,,,,,
2013/08/24,06,110,1,,,,,
2013/08/24,07,146,1,,,,,
2013/08/24,08,169,7,,,,,
2013/08/24,09,170,8,,,,,
2013/08/24,10,164,8,,,,,
2013/08/24,11,164,7,,,,,
2013/08/24,12,157,8,,,,,
2013/08/24,13,160,9,,,,,
2013/08/24,14,165,7,,,,,
2013/08/24,15,163,7,,,,,
2013/08/24,16,161,8,,,,,
2013/08/24,17,162,8,,,,,
2013/08/24,18,161,7,,,,,
2013/08/24,19,164,7,,,,,
2013/08/24,20,156,5,,,,,
2013/08/24,21,160,5,,,,,
2013/08/24,22,149,5,,,,,
2013/08/24,23,145,4,,,,,
2013/08/24,24,139,4,,,,,
2013/08/25,01,128,1,,,,,
2013/08/25,02,122,1,,,,,
2013/08/25,03,118,1,,,,,
2013/08/25,04,111,2,,,,,
2013/08/25,05,109,1,,,,,
2013/08/25,06,109,1,,,,,
2013/08/25,07,145,2,,,,,
2013/08/25,08,159,6,,,,,
2013/08/25,09,156,7,,,,,
2013/08/25,10,155,7,,,,,
2013/08/25,11,147,6,,,,,
2013/08/25,12,143,7,,,,,
2013/08/25,13,147,6,,,,,
2013/08/25,14,149,5,,,,,
2013/08/25,15,153,7,,,,,
2013/08/25,16,140,6,,,,,
2013/08/25,17,148,7,,,,,
2013/08/25,18,144,6,,,,,
2013/08/25,19,148,5,,,,,
2013/08/25,20,142,5,,,,,
2013/08/25,21,150,5,,,,,
2013/08/25,22,141,5,,,,,
2013/08/25,23,127,1,,,,,
2013/08/25,24,121,1,,,,,
2013/08/26,01,121,1,,,,,
2013/08/26,02,117,1,,,,,
2013/08/26,03,108,1,,,,,
2013/08/26,04,95,1,,,,,
2013/08/26,05,99,1,,,,,
2013/08/26,06,97,1,,,,,
2013/08/26,07,145,2,,,,,
2013/08/26,08,139,5,,,,,
2013/08/26,09,160,5,,,,,
2013/08/26,10,158,5,,,,,
2013/08/26,11,147,5,,,,,
2013/08/26,12,145,5,,,,,
2013/08/26,13,149,5,,,,,
2013/08/26,14,152,5,,,,,
2013/08/26,15,152,5,,,,,
2013/08/26,16,146,5,,,,,
2013/08/26,17,143,5,,,,,
2013/08/26,18,147,6,,,,,
2013/08/26,19,146,5,,,,,
2013/08/26,20,142,4,,,,,
2013/08/26,21,151,4,,,,,
2013/08/26,22,138,2,,,,,
2013/08/26,23,131,1,,,,,
2013/08/26,24,124,4,,,,,
2013/08/27,01,121,1,,,,,
2013/08/27,02,115,1,,,,,
2013/08/27,03,112,1,,,,,
2013/08/27,04,99,1,,,,,
2013/08/27,05,102,1,,,,,
2013/08/27,06,96,1,,,,,
2013/08/27,07,138,1,,,,,
2013/08/27,08,140,5,,,,,
2013/08/27,09,158,6,,,,,
2013/08/27,10,150,7,,,,,
2013/08/27,11,147,5,,,,,
2013/08/27,12,144,6,,,,,
2013/08/27,13,147,7,,,,,
2013/08/27,14,155,5,,,,,
2013/08/27,15,155,5,,,,,
2013/08/27,16,147,7,,,,,
2013/08/27,17,155,5,,,,,
2013/08/27,18,151,5,,,,,
2013/08/27,19,155,5,,,,,
2013/08/27,20,146,5,,,,,
2013/08/27,21,154,5,,,,,
2013/08/27,22,136,4,,,,,
2013/08/27,23,129,2,,,,,
2013/08/27,24,123,1,,,,,
2013/08/28,01,122,1,,,,,
2013/08/28,02,116,1,,,,,
2013/08/28,03,114,1,,,,,
2013/08/28,04,101,1,,,,,
2013/08/28,05,101,1,,,,,
2013/08/28,06,99,1,,,,,
2013/08/28,07,146,2,,,,,
2013/08/28,08,147,7,,,,,
2013/08/28,09,160,6,,,,,
2013/08/28,10,160,5,,,,,
2013/08/28,11,161,6,,,,,
2013/08/28,12,163,5,,,,,
2013/08/28,13,161,8,,,,,
2013/08/28,14,164,7,,,,,
2013/08/28,15,167,6,,,,,
2013/08/28,16,161,8,,,,,
2013/08/28,17,161,6,,,,,
2013/08/28,18,161,7,,,,,
2013/08/28,19,160,7,,,,,
2013/08/28,20,159,6,,,,,
2013/08/28,21,160,6,,,,,
2013/08/28,22,149,6,,,,,
2013/08/28,23,140,5,,,,,
2013/08/28,24,132,3,,,,,
2013/08/29,01,127,1,,,,,
2013/08/29,02,121,1,,,,,
2013/08/29,03,117,1,,,,,
2013/08/29,04,110,2,,,,,
2013/08/29,05,107,1,,,,,
2013/08/29,06,106,1,,,,,
2013/08/29,07,160,4,,,,,
2013/08/29,08,148,7,,,,,
2013/08/29,09,160,7,,,,,
2013/08/29,10,159,7,,,,,
2013/08/29,11,156,6,,,,,
2013/08/29,12,152,7,,,,,
2013/08/29,13,156,7,,,,,
2013/08/29,14,161,7,,,,,
2013/08/29,15,163,7,,,,,
2013/08/29,16,155,6,,,,,
2013/08/29,17,158,8,,,,,
2013/08/29,18,159,7,,,,,
2013/08/29,19,157,6,,,,,
2013/08/29,20,152,6,,,,,
2013/08/29,21,163,6,,,,,
2013/08/29,22,146,5,,,,,
2013/08/29,23,140,4,,,,,
2013/08/29,24,134,4,,,,,
2013/08/30,01,126,1,,,,,
2013/08/30,02,127,1,,,,,
2013/08/30,03,122,1,,,,,
2013/08/30,04,113,1,,,,,
2013/08/30,05,113,1,,,,,
2013/08/30,06,113,1,,,,,
2013/08/30,07,157,1,,,,,
2013/08/30,08,159,7,,,,,
2013/08/30,09,170,8,,,,,
2013/08/30,10,171,8,,,,,
2013/08/30,11,166,10,,,,,
2013/08/30,12,163,7,,,,,
2013/08/30,13,169,8,,,,,
2013/08/30,14,172,8,,,,,
2013/08/30,15,173,10,,,,,
2013/08/30,16,166,10,,,,,
2013/08/30,17,176,10,,,,,
2013/08/30,18,172,9,,,,,
2013/08/30,19,174,9,,,,,
2013/08/30,20,168,9,,,,,
2013/08/30,21,170,7,,,,,
2013/08/30,22,147,5,,,,,
2013/08/30,23,139,1,,,,,
2013/08/30,24,135,1,,,,,
2013/08/31,01,134,1,,,,,
2013/08/31,02,128,1,,,,,
2013/08/31,03,124,1,,,,,
2013/08/31,04,116,2,,,,,
2013/08/31,05,114,1,,,,,
2013/08/31,06,111,1,,,,,
2013/08/31,07,151,2,,,,,
2013/08/31,08,175,7,,,,,
2013/08/31,09,175,8,,,,,
2013/08/31,10,171,9,,,,,
2013/08/31,11,171,9,,,,,
2013/08/31,12,167,9,,,,,
2013/08/31,13,167,11,,,,,
2013/08/31,14,173,10,,,,,
2013/08/31,15,173,10,,,,,
2013/08/31,16,172,9,,,,,
2013/08/31,17,173,9,,,,,
2013/08/31,18,174,11,,,,,
2013/08/31,19,174,9,,,,,
2013/08/31,20,164,7,,,,,
2013/08/31,21,169,7,,,,,
2013/08/31,22,161,7,,,,,
2013/08/31,23,150,3,,,,,
2013/08/31,24,137,1,,,,,
